trial durationPreFixation durationFixation direction durationGrating duration speed phaseIni contrast size response correct time_onset time_fixation time_stimulus time_response
1 0.3 0.3 1 0.3 0.0164754897244 4.0 0.2 0.42 22.0 left 0 29.4452559948 29.7460570335 30.0384590626 30.7280430794
2 0.3 0.3 1 0.3 0.0164754897244 4.0 0.4 0.42 22.0 right 1 30.7486059666 31.049405098 31.3418681622 31.9872350693
3 0.3 0.3 -1 0.3 0.121392446201 4.0 0.8 0.42 22.0 left 1 32.0101940632 32.3109371662 32.6034491062 33.0494101048
4 0.3 0.3 1 0.3 0.0271441761659 4.0 0.0 0.42 22.0 right 1 33.0712401867 33.3721010685 33.6644291878 34.2346360683
5 0.3 0.3 -1 0.3 0.0164754897244 4.0 0.0 0.42 22.0 left 1 34.2576081753 34.5585811138 34.8508851528 35.5796401501
6 0.3 0.3 1 0.3 0.01 4.0 0.6 0.42 90.0 right 1 35.6027870178 35.9035630226 36.195909977 36.9080650806
7 0.3 0.3 1 0.3 0.04472135955 4.0 0.4 0.42 90.0 right 1 36.9311909676 37.232022047 37.5243861675 38.30331707
8 0.3 0.3 -1 0.3 0.2 4.0 0.0 0.42 90.0 left 1 38.3263971806 38.6271870136 38.9196050167 39.2985560894
9 0.3 0.3 -1 0.3 0.01 4.0 0.0 0.42 22.0 right 0 39.320649147 39.6214370728 39.9138150215 40.5593481064
10 0.3 0.3 1 0.3 0.0736806299728 4.0 0.6 0.42 90.0 right 1 40.5821950436 40.8829860687 41.1754460335 41.687194109
11 0.3 0.3 -1 0.3 0.0736806299728 4.0 0.8 0.42 90.0 left 1 41.710059166 42.0108640194 42.3033461571 42.7900071144
12 0.3 0.3 1 0.3 0.04472135955 4.0 0.8 0.42 22.0 right 1 42.8129560947 43.1137571335 43.4061570168 44.060696125
13 0.3 0.3 1 0.3 0.0736806299728 4.0 0.6 0.42 22.0 right 1 44.0828549862 44.3837020397 44.6760761738 45.2630610466
14 0.3 0.3 1 0.3 0.04472135955 4.0 0.6 0.42 22.0 right 1 45.2859811783 45.5867881775 45.8791179657 46.4246070385
15 0.3 0.3 1 0.3 0.0164754897244 4.0 0.8 0.42 22.0 right 1 46.4556581974 46.7564580441 47.0488901138 47.7695910931
16 0.3 0.3 1 0.3 0.04472135955 4.0 0.4 0.42 22.0 left 0 47.7924621105 48.0931921005 48.3856070042 49.3233640194
17 0.3 0.3 -1 0.3 0.01 4.0 0.4 0.42 22.0 right 0 49.3463680744 49.6471459866 49.9396190643 50.6352910995
18 0.3 0.3 1 0.3 0.0164754897244 4.0 0.6 0.42 90.0 left 0 50.6581370831 50.9588890076 51.2513082027 52.1140890121
19 0.3 0.3 1 0.3 0.0164754897244 4.0 0.0 0.42 22.0 left 0 52.1368870735 52.4376711845 52.7301471233 53.5844480991
20 0.3 0.3 -1 0.3 0.0164754897244 4.0 0.2 0.42 90.0 right 0 53.6073560715 53.9081571102 54.2005791664 54.7964670658
21 0.3 0.3 -1 0.3 0.04472135955 4.0 0.6 0.42 90.0 right 0 54.8187971115 55.1196231842 55.4119560719 56.0911049843
22 0.3 0.3 -1 0.3 0.0271441761659 4.0 0.2 0.42 22.0 right 0 56.1138219833 56.4146120548 56.7069680691 57.4359881878
23 0.3 0.3 -1 0.3 0.0736806299728 4.0 0.0 0.42 90.0 left 1 57.4589490891 57.7596831322 58.052090168 58.747508049
24 0.3 0.3 -1 0.3 0.0164754897244 4.0 0.6 0.42 22.0 right 0 58.7706251144 59.0714201927 59.3637881279 60.0341260433
25 0.3 0.3 1 0.3 0.0271441761659 4.0 0.0 0.42 90.0 right 1 60.0572149754 60.3580021858 60.650480032 61.22894907
26 0.3 0.3 -1 0.3 0.0736806299728 4.0 0.0 0.42 22.0 left 1 61.2519490719 61.5527741909 61.8451421261 62.5657670498
27 0.3 0.3 -1 0.3 0.04472135955 4.0 0.4 0.42 22.0 left 1 62.588793993 62.889549017 63.181910038 63.7857429981
28 0.3 0.3 -1 0.3 0.0271441761659 4.0 0.2 0.42 90.0 left 1 63.8085491657 64.1093461514 64.4017951488 65.1807019711
29 0.3 0.3 1 0.3 0.01 4.0 0.6 0.42 22.0 left 0 65.203813076 65.5046050549 65.7970299721 66.4260530472
30 0.3 0.3 1 0.3 0.0271441761659 4.0 0.8 0.42 22.0 left 0 66.4486980438 66.7494761944 67.0419039726 67.6705319881
31 0.3 0.3 -1 0.3 0.01 4.0 0.2 0.42 90.0 left 1 67.6935811043 67.9943580627 68.2867081165 69.0075659752
32 0.3 0.3 -1 0.3 0.121392446201 4.0 0.6 0.42 90.0 right 0 69.0387179852 69.3393909931 69.6318511963 70.3942461014
33 0.3 0.3 1 0.3 0.121392446201 4.0 0.6 0.42 90.0 left 0 70.4171521664 70.7179250717 71.0104219913 71.7726991177
34 0.3 0.3 -1 0.3 0.0271441761659 4.0 0.4 0.42 22.0 right 0 71.7957730293 72.096529007 72.3890001774 73.2520611286
35 0.3 0.3 -1 0.3 0.0164754897244 4.0 0.0 0.42 90.0 right 0 73.274616003 73.5753960609 73.8677201271 74.688585043
36 0.3 0.3 1 0.3 0.2 4.0 0.6 0.42 90.0 right 1 74.7116501331 75.0123710632 75.3048532009 76.183838129
37 0.3 0.3 -1 0.3 0.0271441761659 4.0 0.6 0.42 90.0 left 1 77.4101421833 77.710955143 78.0033740997 78.8660671711
38 0.3 0.3 -1 0.3 0.0736806299728 4.0 0.8 0.42 22.0 left 1 78.8889510632 79.189740181 79.4821951389 80.3705000877
39 0.3 0.3 -1 0.3 0.2 4.0 0.4 0.42 90.0 left 1 80.3928360939 80.6936151981 80.986066103 81.9658691883
40 0.3 0.3 -1 0.3 0.01 4.0 0.6 0.42 90.0 right 0 81.9885861874 82.2893970013 82.5818030834 83.3524560928
41 0.3 0.3 -1 0.3 0.0736806299728 4.0 0.2 0.42 90.0 left 1 83.3755121231 83.6762521267 83.9687139988 84.789853096
42 0.3 0.3 -1 0.3 0.0736806299728 4.0 0.4 0.42 90.0 right 0 84.8125450611 85.1133000851 85.4057450294 86.243309021
43 0.3 0.3 1 0.3 0.04472135955 4.0 0.2 0.42 22.0 right 1 86.2663111687 86.5670189857 86.8594760895 87.5383319855
44 0.3 0.3 1 0.3 0.0736806299728 4.0 0.2 0.42 22.0 right 1 87.5613150597 87.8620569706 88.1544780731 88.7830700874
45 0.3 0.3 -1 0.3 0.04472135955 4.0 0.0 0.42 90.0 right 0 88.8061301708 89.1068890095 89.3993401527 90.2374529839
46 0.3 0.3 -1 0.3 0.0271441761659 4.0 0.0 0.42 22.0 left 1 90.2598180771 90.5606851578 90.8530440331 91.6571240425
47 0.3 0.3 1 0.3 0.121392446201 4.0 0.0 0.42 22.0 right 1 91.6802041531 91.9809601307 92.2733471394 93.0026140213
48 0.3 0.3 1 0.3 0.0271441761659 4.0 0.2 0.42 90.0 left 0 93.0253181458 93.3260951042 93.6185231209 94.4392299652
49 0.3 0.3 -1 0.3 0.2 4.0 0.2 0.42 90.0 left 1 94.462280035 94.7630681992 95.0555310249 96.0604131222
50 0.3 0.3 1 0.3 0.2 4.0 0.2 0.42 90.0 right 1 96.0831940174 96.3839421272 96.6763579845 97.3551039696
51 0.3 0.3 -1 0.3 0.2 4.0 0.2 0.42 22.0 left 1 97.3781611919 97.679033041 97.9713311195 98.7923760414
52 0.3 0.3 -1 0.3 0.04472135955 4.0 0.4 0.42 90.0 right 0 98.8152401447 99.1159842014 99.4083640575 100.40546608
53 0.3 0.3 -1 0.3 0.2 4.0 0.8 0.42 22.0 left 1 100.427630186 100.728433132 101.020865202 101.799743176
54 0.3 0.3 1 0.3 0.01 4.0 0.8 0.42 22.0 left 0 101.822898149 102.123725176 102.416141033 103.186747074
55 0.3 0.3 -1 0.3 0.0164754897244 4.0 0.2 0.42 22.0 left 1 103.209797144 103.510584116 103.802973986 104.557063103
56 0.3 0.3 1 0.3 0.0736806299728 4.0 0.8 0.42 90.0 left 0 104.579979181 104.880774975 105.173184156 105.877820969
57 0.3 0.3 1 0.3 0.0271441761659 4.0 0.6 0.42 90.0 left 0 105.908429146 106.209146976 106.501734972 107.239685059
58 0.3 0.3 1 0.3 0.04472135955 4.0 0.0 0.42 90.0 left 0 107.261875153 107.56269598 107.855071068 108.542073965
59 0.3 0.3 1 0.3 0.0736806299728 4.0 0.4 0.42 90.0 left 0 108.56529808 108.866033077 109.158367157 109.904325008
60 0.3 0.3 1 0.3 0.0271441761659 4.0 0.4 0.42 22.0 right 1 109.927050114 110.227813005 110.520210981 111.21666503
61 0.3 0.3 1 0.3 0.2 4.0 0.4 0.42 90.0 left 0 111.238695145 111.539591074 111.831917048 112.69553113
62 0.3 0.3 -1 0.3 0.2 4.0 0.8 0.42 90.0 left 1 112.717519045 113.018383026 113.310796022 114.256988049
63 0.3 0.3 -1 0.3 0.2 4.0 0.0 0.42 22.0 left 1 114.279955149 114.580665112 114.873070002 115.844372988
64 0.3 0.3 -1 0.3 0.0736806299728 4.0 0.2 0.42 22.0 left 1 115.867331028 116.16813612 116.460515022 117.147713184
65 0.3 0.3 1 0.3 0.01 4.0 0.0 0.42 22.0 left 0 117.170682192 117.471481085 117.76386404 118.5265131
66 0.3 0.3 1 0.3 0.04472135955 4.0 0.0 0.42 22.0 left 0 118.549252033 118.849956989 119.142383099 119.879925966
67 0.3 0.3 -1 0.3 0.01 4.0 0.4 0.42 90.0 right 0 119.9027071 120.203495026 120.495891094 121.308576107
68 0.3 0.3 1 0.3 0.2 4.0 0.4 0.42 22.0 right 1 121.331339121 121.632124186 121.924590111 122.837236166
69 0.3 0.3 -1 0.3 0.0164754897244 4.0 0.4 0.42 22.0 right 0 122.860291004 123.161059141 123.453495979 124.199161053
70 0.3 0.3 1 0.3 0.2 4.0 0.6 0.42 22.0 right 1 124.222112179 124.522930145 124.815346003 125.669658184
71 0.3 0.3 1 0.3 0.0164754897244 4.0 0.6 0.42 22.0 left 0 125.692536116 125.993379116 126.285789013 127.441104174
72 0.3 0.3 -1 0.3 0.0164754897244 4.0 0.8 0.42 22.0 left 1 127.463770151 127.764575005 128.056996107 128.886116982
73 0.3 0.3 -1 0.3 0.0736806299728 4.0 0.4 0.42 22.0 left 1 128.909114122 129.209990025 129.502295971 130.29830718
74 0.3 0.3 1 0.3 0.04472135955 4.0 0.2 0.42 90.0 left 0 130.321146011 130.62187314 130.914271116 131.902379036
75 0.3 0.3 1 0.3 0.01 4.0 0.4 0.42 90.0 left 0 131.925238132 132.226056099 132.518476009 133.314249039
76 0.3 0.3 -1 0.3 0.04472135955 4.0 0.8 0.42 90.0 left 1 133.337239981 133.638031006 133.9304111 134.759622097
77 0.3 0.3 1 0.3 0.121392446201 4.0 0.4 0.42 22.0 right 1 134.782549143 135.083374023 135.375756025 136.313641071
78 0.3 0.3 1 0.3 0.0271441761659 4.0 0.4 0.42 90.0 left 0 136.336544037 136.637368202 136.929692984 138.084702015
79 0.3 0.3 1 0.3 0.01 4.0 0.2 0.42 90.0 left 0 138.107755184 138.408579111 138.701013088 139.605432034
80 0.3 0.3 1 0.3 0.2 4.0 0.0 0.42 90.0 left 0 139.628400087 139.929141998 140.221544027 141.192922115
81 0.3 0.3 -1 0.3 0.2 4.0 0.4 0.42 22.0 left 1 141.215793133 141.516537189 141.809002161 142.504657984
82 0.3 0.3 1 0.3 0.0271441761659 4.0 0.2 0.42 22.0 left 0 142.527444124 142.828255177 143.120706081 143.883116007
83 0.3 0.3 -1 0.3 0.0271441761659 4.0 0.0 0.42 90.0 left 1 143.906006098 144.206770182 144.49921298 145.587331057
84 0.3 0.3 -1 0.3 0.121392446201 4.0 0.0 0.42 22.0 left 1 145.61037612 145.911180019 146.203590155 146.96587801
85 0.3 0.3 -1 0.3 0.0271441761659 4.0 0.8 0.42 90.0 right 0 146.988962173 147.28975606 147.582154989 148.352878094
86 0.3 0.3 -1 0.3 0.2 4.0 0.6 0.42 22.0 left 1 148.375857115 148.676680088 148.969017982 149.748067141
87 0.3 0.3 1 0.3 0.0271441761659 4.0 0.8 0.42 90.0 left 0 149.771141052 150.071892023 150.364300013 151.326986074
88 0.3 0.3 -1 0.3 0.04472135955 4.0 0.8 0.42 22.0 left 1 151.350124121 151.65093708 151.943329096 152.731451988
89 0.3 0.3 1 0.3 0.121392446201 4.0 0.4 0.42 90.0 left 0 152.762086153 153.06282711 153.355375051 154.201253176
90 0.3 0.3 1 0.3 0.0736806299728 4.0 0.2 0.42 90.0 left 0 154.22421217 154.524973154 154.817402124 155.69682312
91 0.3 0.3 -1 0.3 0.04472135955 4.0 0.6 0.42 22.0 left 1 155.71974802 156.020507097 156.312906981 157.083636999
92 0.3 0.3 -1 0.3 0.0164754897244 4.0 0.6 0.42 90.0 right 0 157.106629133 157.407392025 157.699814081 158.487177134
93 0.3 0.3 -1 0.3 0.0164754897244 4.0 0.4 0.42 90.0 right 0 158.510204077 158.811017036 159.10345602 160.09980607
94 0.3 0.3 -1 0.3 0.0271441761659 4.0 0.8 0.42 22.0 right 0 160.122717142 160.423494101 160.715876102 161.628622055
95 0.3 0.3 -1 0.3 0.2 4.0 0.6 0.42 90.0 left 1 161.651612997 161.952489138 162.244819164 163.383191109
96 0.3 0.3 -1 0.3 0.0271441761659 4.0 0.4 0.42 90.0 left 1 163.406124115 163.706943989 163.999322176 165.121021032
97 0.3 0.3 1 0.3 0.01 4.0 0.8 0.42 90.0 left 0 165.143923044 165.444691181 165.737296104 166.566318989
98 0.3 0.3 -1 0.3 0.0271441761659 4.0 0.6 0.42 22.0 left 1 166.589338064 166.890164137 167.182489157 167.994789124
99 0.3 0.3 1 0.3 0.0271441761659 4.0 0.6 0.42 22.0 left 0 168.017990112 168.318912029 168.611166 169.323338032
100 0.3 0.3 -1 0.3 0.04472135955 4.0 0.2 0.42 22.0 left 1 169.346393108 169.647123098 169.939609051 170.91914916
101 0.3 0.3 1 0.3 0.121392446201 4.0 0.6 0.42 22.0 right 1 170.942164183 171.242993116 171.535284996 172.281077147
102 0.3 0.3 1 0.3 0.04472135955 4.0 0.6 0.42 90.0 right 1 172.304042101 172.604763985 172.897143126 173.993695974
103 0.3 0.3 -1 0.3 0.01 4.0 0.8 0.42 90.0 left 1 174.016728163 174.31754303 174.609858036 175.622833014
104 0.3 0.3 -1 0.3 0.01 4.0 0.2 0.42 22.0 left 1 175.64591217 175.946681976 176.239135027 177.001326084
105 0.3 0.3 1 0.3 0.0164754897244 4.0 0.4 0.42 90.0 left 0 177.024420023 177.325309992 177.617689133 178.405062199
106 0.3 0.3 -1 0.3 0.01 4.0 0.8 0.42 22.0 left 1 178.428061008 178.728868008 179.021267176 179.700014114
107 0.3 0.3 -1 0.3 0.121392446201 4.0 0.2 0.42 22.0 left 1 179.723101139 180.023823023 180.316245079 181.111922026
108 0.3 0.3 -1 0.3 0.121392446201 4.0 0.0 0.42 90.0 left 1 181.135004044 181.435825109 181.728169203 182.640928984
109 0.3 0.3 1 0.3 0.0736806299728 4.0 0.8 0.42 22.0 right 1 182.663927078 182.964756966 183.257099152 183.969580173
110 0.3 0.3 1 0.3 0.01 4.0 0.4 0.42 22.0 right 1 184.000740051 184.301486969 184.593895197 185.356363058
111 0.3 0.3 -1 0.3 0.121392446201 4.0 0.4 0.42 22.0 left 1 185.379278183 185.68001318 185.972441196 186.768443108
112 0.3 0.3 -1 0.3 0.01 4.0 0.0 0.42 90.0 left 1 186.791207075 187.092024088 187.384396076 188.51436615
113 0.3 0.3 -1 0.3 0.121392446201 4.0 0.6 0.42 22.0 left 1 188.537353039 188.838145971 189.130587101 190.135226965
114 0.3 0.3 1 0.3 0.0164754897244 4.0 0.2 0.42 90.0 left 0 190.158216 190.458997011 190.751352072 191.848445177
115 0.3 0.3 -1 0.3 0.121392446201 4.0 0.8 0.42 90.0 left 1 191.87086606 192.1717062 192.464162111 193.40188098
116 0.3 0.3 1 0.3 0.121392446201 4.0 0.0 0.42 90.0 left 0 193.424933195 193.725710154 194.01812315 194.881160975
117 0.3 0.3 -1 0.3 0.0164754897244 4.0 0.8 0.42 90.0 left 1 194.912088156 195.212828159 195.505300045 196.317615986
118 0.3 0.3 1 0.3 0.01 4.0 0.0 0.42 90.0 left 0 196.340769053 196.641508102 196.933964968 197.679525137
119 0.3 0.3 -1 0.3 0.01 4.0 0.6 0.42 22.0 left 1 197.702568054 198.003390074 198.295773029 199.542771101
120 0.3 0.3 1 0.3 0.01 4.0 0.2 0.42 22.0 left 0 199.565730095 199.866510153 200.159130096 201.155447006
121 0.3 0.3 1 0.3 0.2 4.0 0.0 0.42 22.0 right 1 201.178222179 201.479020119 201.771529198 202.44166708
122 0.3 0.3 1 0.3 0.0164754897244 4.0 0.8 0.42 90.0 right 1 202.464931011 202.765673161 203.058042049 204.096017122
123 0.3 0.3 1 0.3 0.0736806299728 4.0 0.0 0.42 22.0 right 1 204.119215012 204.419972181 204.712342024 205.482971191
124 0.3 0.3 -1 0.3 0.121392446201 4.0 0.4 0.42 90.0 left 1 205.505933046 205.806710005 206.099205971 206.95326519
125 0.3 0.3 -1 0.3 0.04472135955 4.0 0.0 0.42 22.0 right 0 206.976551056 207.277348042 207.569733143 208.290302992
126 0.3 0.3 1 0.3 0.2 4.0 0.2 0.42 22.0 right 1 208.313372135 208.614037991 208.906325102 209.710399151
127 0.3 0.3 1 0.3 0.2 4.0 0.8 0.42 90.0 right 1 209.733625174 210.03445816 210.326701164 211.231041193
128 0.3 0.3 -1 0.3 0.04472135955 4.0 0.2 0.42 90.0 right 0 211.254081011 211.554862976 211.847387075 212.709725142
129 0.3 0.3 -1 0.3 0.0736806299728 4.0 0.6 0.42 90.0 right 0 212.733039141 213.033895016 213.326062202 214.138673067
130 0.3 0.3 1 0.3 0.121392446201 4.0 0.2 0.42 90.0 left 0 214.161636114 214.462282181 214.754889011 215.650788069
131 0.3 0.3 1 0.3 0.04472135955 4.0 0.8 0.42 90.0 left 0 215.673820019 215.974677086 216.267040014 217.288153172
132 0.3 0.3 1 0.3 0.121392446201 4.0 0.8 0.42 22.0 right 1 217.311427116 217.612223148 217.904618979 218.666680098
133 0.3 0.3 1 0.3 0.121392446201 4.0 0.2 0.42 22.0 right 1 218.689849138 218.990683079 219.283120155 220.011842966
134 0.3 0.3 -1 0.3 0.0736806299728 4.0 0.6 0.42 22.0 left 1 220.035004139 220.335731983 220.628244162 221.448812008
135 0.3 0.3 1 0.3 0.121392446201 4.0 0.8 0.42 90.0 left 0 221.47203207 221.772857189 222.065289021 223.036309004
136 0.3 0.3 1 0.3 0.0736806299728 4.0 0.0 0.42 90.0 left 0 223.059508085 223.360208988 223.652631998 224.67387104
137 0.3 0.3 1 0.3 0.0164754897244 4.0 0.0 0.42 90.0 left 0 224.697132111 224.997642994 225.290207148 226.077629089
138 0.3 0.3 1 0.3 0.0736806299728 4.0 0.4 0.42 22.0 right 1 226.100527048 226.401446104 226.693945169 227.547912121
139 0.3 0.3 1 0.3 0.2 4.0 0.8 0.42 22.0 right 1 227.571050167 227.871958971 228.164218187 229.001806974
140 0.3 0.3 -1 0.3 0.121392446201 4.0 0.2 0.42 90.0 left 1 229.024707079 229.325468063 229.618005991 230.538964987
141 0.3 0.3 -1 0.3 0.04472135955 4.0 0.8 0.42 22.0 right 0 525.778911114 526.079650164 526.372107029 527.268091202
142 0.3 0.3 1 0.3 0.121392446201 4.0 0.8 0.42 22.0 right 1 527.291151047 527.591852188 527.884407043 528.563021183
143 0.3 0.3 -1 0.3 0.2 4.0 0.4 0.42 90.0 left 1 528.586166143 528.88698101 529.179313183 529.925412178
144 0.3 0.3 -1 0.3 0.0736806299728 4.0 0.6 0.42 22.0 left 1 529.948009968 530.248735189 530.541218996 531.211297035
145 0.3 0.3 1 0.3 0.0164754897244 4.0 0.6 0.42 22.0 right 1 531.234634161 531.535299063 531.827738047 532.540071011
146 0.3 0.3 -1 0.3 0.121392446201 4.0 0.6 0.42 22.0 left 1 532.563156128 532.863778114 533.156226158 533.834933043
147 0.3 0.3 -1 0.3 0.0271441761659 4.0 0.0 0.42 90.0 left 1 533.858021975 534.158796072 534.451203108 535.21353507
148 0.3 0.3 1 0.3 0.0736806299728 4.0 0.8 0.42 22.0 right 1 535.236543179 535.537358999 535.829774141 536.533684015
149 0.3 0.3 -1 0.3 0.0164754897244 4.0 0.2 0.42 90.0 right 0 536.556730986 536.857336998 537.149741173 537.962119102
150 0.3 0.3 -1 0.3 0.2 4.0 0.0 0.42 22.0 left 1 537.985264063 538.28612709 538.578423977 539.298983097
151 0.3 0.3 1 0.3 0.0736806299728 4.0 0.6 0.42 22.0 right 1 539.322026014 539.622943163 539.91518712 540.66900301
152 0.3 0.3 -1 0.3 0.0164754897244 4.0 0.6 0.42 22.0 left 1 540.692300081 540.993010044 541.285396099 542.373639107
153 0.3 0.3 1 0.3 0.0736806299728 4.0 0.0 0.42 22.0 right 1 542.396624088 542.697384119 542.989814043 543.710610151
154 0.3 0.3 -1 0.3 0.0271441761659 4.0 0.8 0.42 22.0 right 0 543.741681099 544.042469978 544.335050106 545.038827181
155 0.3 0.3 -1 0.3 0.0736806299728 4.0 0.4 0.42 22.0 left 1 545.070196152 545.370943069 545.663407087 546.409085989
156 0.3 0.3 1 0.3 0.0271441761659 4.0 0.8 0.42 90.0 left 0 546.432013035 546.732776165 547.025219202 547.962869167
157 0.3 0.3 1 0.3 0.04472135955 4.0 0.8 0.42 90.0 left 0 547.986006021 548.286745071 548.579176188 549.34138608
158 0.3 0.3 1 0.3 0.2 4.0 0.4 0.42 90.0 right 1 549.364608049 549.665311098 549.957734108 550.678557158
159 0.3 0.3 1 0.3 0.121392446201 4.0 0.4 0.42 90.0 right 1 550.709684134 551.010522127 551.302828074 552.290912151
160 0.3 0.3 -1 0.3 0.0271441761659 4.0 0.8 0.42 90.0 left 1 552.313704014 552.614597082 552.907023191 553.78618598
161 0.3 0.3 -1 0.3 0.121392446201 4.0 0.8 0.42 22.0 left 1 553.809298038 554.110057116 554.402498007 555.173056126
162 0.3 0.3 1 0.3 0.0164754897244 4.0 0.4 0.42 90.0 left 0 555.196079969 555.497064114 555.789304018 556.727005005
163 0.3 0.3 1 0.3 0.04472135955 4.0 0.2 0.42 22.0 right 1 556.750154018 557.050826073 557.343448162 557.980424166
164 0.3 0.3 -1 0.3 0.04472135955 4.0 0.2 0.42 22.0 right 0 558.003473043 558.304152966 558.596660137 559.392250061
165 0.3 0.3 1 0.3 0.01 4.0 0.8 0.42 22.0 right 1 559.415433168 559.716149092 560.008568048 560.829395056
166 0.3 0.3 -1 0.3 0.0271441761659 4.0 0.0 0.42 22.0 right 0 560.852416039 561.153185129 561.445683002 562.182667017
167 0.3 0.3 1 0.3 0.121392446201 4.0 0.8 0.42 90.0 right 1 562.205933094 562.506677151 562.799080133 563.837117195
168 0.3 0.3 1 0.3 0.0164754897244 4.0 0.8 0.42 90.0 right 1 563.860130072 564.160886049 564.453286171 565.324064016
169 0.3 0.3 1 0.3 0.01 4.0 0.8 0.42 90.0 right 1 565.347146034 565.647977114 565.940417051 566.719321966
170 0.3 0.3 1 0.3 0.01 4.0 0.0 0.42 22.0 right 1 566.742516994 567.043255091 567.335776091 568.197991133
171 0.3 0.3 -1 0.3 0.0164754897244 4.0 0.0 0.42 90.0 left 1 568.221421003 568.52204299 568.814552069 569.685729027
172 0.3 0.3 1 0.3 0.2 4.0 0.8 0.42 22.0 right 1 569.716837168 570.017635107 570.310091019 571.080514193
173 0.3 0.3 -1 0.3 0.01 4.0 0.8 0.42 22.0 right 0 571.103690147 571.404412031 571.696907043 572.57613802
174 0.3 0.3 1 0.3 0.121392446201 4.0 0.2 0.42 90.0 right 1 572.599374056 572.900029182 573.192487001 574.230239153
175 0.3 0.3 1 0.3 0.0736806299728 4.0 0.4 0.42 90.0 right 1 574.253568172 574.554358006 574.84672904 575.659340143
176 0.3 0.3 1 0.3 0.0736806299728 4.0 0.6 0.42 90.0 right 1 575.682180166 575.982861996 576.275370121 576.970818043
177 0.3 0.3 1 0.3 0.04472135955 4.0 0.0 0.42 22.0 right 1 576.993838072 577.294476032 577.587174177 578.357405186
178 0.3 0.3 -1 0.3 0.121392446201 4.0 0.6 0.42 90.0 left 1 578.380853176 578.681504011 578.973865032 580.011972189
179 0.3 0.3 1 0.3 0.121392446201 4.0 0.0 0.42 22.0 right 1 580.03508997 580.335771084 580.62819314 581.423830986
180 0.3 0.3 1 0.3 0.121392446201 4.0 0.6 0.42 90.0 left 0 581.447029114 581.747753143 582.040228128 582.919386148
181 0.3 0.3 -1 0.3 0.04472135955 4.0 0.4 0.42 22.0 left 1 582.942396164 583.243182182 583.535629034 584.314654112
182 0.3 0.3 -1 0.3 0.0271441761659 4.0 0.4 0.42 22.0 left 1 584.337676048 584.638468027 584.930844069 585.960398197
183 0.3 0.3 1 0.3 0.01 4.0 0.2 0.42 90.0 right 1 585.983699083 586.284315109 586.576852083 587.506812096
184 0.3 0.3 -1 0.3 0.0164754897244 4.0 0.6 0.42 90.0 right 0 587.529272079 587.829898119 588.122529984 588.985146046
185 0.3 0.3 1 0.3 0.01 4.0 0.6 0.42 22.0 right 1 589.008015156 589.308777094 589.601327181 590.447034121
186 0.3 0.3 -1 0.3 0.01 4.0 0.2 0.42 90.0 left 1 590.470215082 590.770992994 591.063266993 592.076303005
187 0.3 0.3 1 0.3 0.2 4.0 0.8 0.42 90.0 right 1 592.107696056 592.408331156 592.700967073 593.697656155
188 0.3 0.3 -1 0.3 0.121392446201 4.0 0.4 0.42 90.0 right 0 593.720085144 594.021015167 594.313415051 595.100394011
189 0.3 0.3 1 0.3 0.0271441761659 4.0 0.0 0.42 90.0 left 0 595.12383914 595.424583197 595.716855049 597.189131975
190 0.3 0.3 -1 0.3 0.0164754897244 4.0 0.0 0.42 22.0 left 1 597.212560177 597.513106108 597.805593967 598.634633064
191 0.3 0.3 -1 0.3 0.04472135955 4.0 0.6 0.42 90.0 left 1 598.657896996 598.958528996 599.25100112 600.239049196
192 0.3 0.3 -1 0.3 0.2 4.0 0.6 0.42 22.0 left 1 600.261943102 600.562833071 600.855199099 601.69243598
193 0.3 0.3 1 0.3 0.2 4.0 0.6 0.42 90.0 right 1 601.715707064 602.016476154 602.30894208 603.497263193
194 0.3 0.3 1 0.3 0.04472135955 4.0 0.8 0.42 22.0 right 1 603.5204041 603.821238995 604.113578081 605.42714119
195 0.3 0.3 1 0.3 0.0164754897244 4.0 0.0 0.42 22.0 right 1 605.450268984 605.751126051 606.043435097 606.989497185
196 0.3 0.3 -1 0.3 0.121392446201 4.0 0.2 0.42 90.0 left 1 607.01266098 607.31333518 607.605913162 608.443350077
197 0.3 0.3 -1 0.3 0.0736806299728 4.0 0.2 0.42 90.0 left 1 608.474663973 608.775585175 609.067902088 610.298107147
198 0.3 0.3 1 0.3 0.01 4.0 0.2 0.42 22.0 left 0 610.32111907 610.621875048 610.914295197 612.094375134
199 0.3 0.3 1 0.3 0.0164754897244 4.0 0.4 0.42 22.0 left 0 612.117516994 612.41831398 612.710628033 613.539622068
200 0.3 0.3 1 0.3 0.0271441761659 4.0 0.6 0.42 90.0 left 0 613.562815189 613.863641024 614.156005144 615.661861181
201 0.3 0.3 1 0.3 0.0271441761659 4.0 0.0 0.42 22.0 right 1 615.68485713 615.985656023 616.278083086 617.241070032
202 0.3 0.3 -1 0.3 0.0164754897244 4.0 0.4 0.42 22.0 right 0 617.263957977 617.564787149 617.857055187 618.869979143
203 0.3 0.3 -1 0.3 0.0164754897244 4.0 0.2 0.42 22.0 right 0 618.893213034 619.193876982 619.486272097 620.365545988
204 0.3 0.3 1 0.3 0.0736806299728 4.0 0.0 0.42 90.0 left 0 620.388715982 620.689568996 620.981850147 622.00297904
205 0.3 0.3 1 0.3 0.0736806299728 4.0 0.4 0.42 22.0 right 1 622.026319981 622.327043056 622.619470119 623.474019051
206 0.3 0.3 1 0.3 0.121392446201 4.0 0.6 0.42 22.0 right 1 623.496670008 623.797521114 624.089948177 624.885877132
207 0.3 0.3 -1 0.3 0.2 4.0 0.2 0.42 90.0 left 1 624.90862298 625.209385157 625.501945019 626.330836058
208 0.3 0.3 -1 0.3 0.04472135955 4.0 0.0 0.42 22.0 left 1 626.353983164 626.654776096 626.947314978 627.692716122
209 0.3 0.3 1 0.3 0.121392446201 4.0 0.4 0.42 22.0 right 1 627.715906143 628.016498089 628.308994055 629.037870169
210 0.3 0.3 1 0.3 0.0271441761659 4.0 0.6 0.42 22.0 right 1 629.061022043 629.361853123 629.654165983 630.566977024
211 0.3 0.3 -1 0.3 0.0271441761659 4.0 0.6 0.42 90.0 left 1 630.589907169 630.890707016 631.183197975 632.195755005
212 0.3 0.3 -1 0.3 0.0271441761659 4.0 0.4 0.42 90.0 left 1 632.219166994 632.519952059 632.812240124 633.749834061
213 0.3 0.3 -1 0.3 0.0736806299728 4.0 0.8 0.42 22.0 left 1 633.773185968 634.073935986 634.366157055 635.053279161
214 0.3 0.3 1 0.3 0.01 4.0 0.4 0.42 90.0 left 0 635.07645607 635.377209187 635.669661045 636.799641132
215 0.3 0.3 1 0.3 0.01 4.0 0.4 0.42 22.0 left 0 636.822571039 637.123277187 637.415835142 638.420480013
216 0.3 0.3 -1 0.3 0.01 4.0 0.0 0.42 90.0 left 1 638.443507195 638.744145155 639.036659002 640.308804989
217 0.3 0.3 -1 0.3 0.04472135955 4.0 0.2 0.42 90.0 right 0 640.33161211 640.632250071 640.924834967 641.887969017
218 0.3 0.3 1 0.3 0.0164754897244 4.0 0.0 0.42 90.0 left 0 641.910640001 642.21143198 642.503856182 643.66685605
219 0.3 0.3 1 0.3 0.0271441761659 4.0 0.8 0.42 22.0 left 0 643.690211058 643.990895987 644.283416033 645.087363005
220 0.3 0.3 1 0.3 0.2 4.0 0.0 0.42 90.0 left 0 645.110527039 645.411223173 645.703685045 646.841821194
221 0.3 0.3 -1 0.3 0.121392446201 4.0 0.0 0.42 90.0 left 1 646.865055084 647.165863037 647.458301067 648.312539101
222 0.3 0.3 1 0.3 0.0164754897244 4.0 0.8 0.42 22.0 left 0 648.335427999 648.63636899 648.928627968 650.14201808
223 0.3 0.3 1 0.3 0.0271441761659 4.0 0.4 0.42 22.0 left 0 650.165135145 650.465860128 650.758375168 651.645943165
224 0.3 0.3 -1 0.3 0.01 4.0 0.8 0.42 90.0 right 0 651.66912818 651.969817162 652.262260199 653.133079052
225 0.3 0.3 -1 0.3 0.04472135955 4.0 0.0 0.42 90.0 right 0 653.156184196 653.457065105 653.749351025 654.545171022
226 0.3 0.3 1 0.3 0.04472135955 4.0 0.0 0.42 90.0 left 0 654.576542139 654.877359152 655.169785023 656.265962124
227 0.3 0.3 -1 0.3 0.0164754897244 4.0 0.8 0.42 90.0 left 1 656.289298058 656.590071201 656.88240099 657.661483049
228 0.3 0.3 -1 0.3 0.0736806299728 4.0 0.8 0.42 90.0 left 1 657.684576988 657.985239029 658.27772212 659.115233183
229 0.3 0.3 1 0.3 0.04472135955 4.0 0.6 0.42 90.0 left 0 659.138298988 659.439126968 659.731403112 660.485496044
230 0.3 0.3 -1 0.3 0.01 4.0 0.6 0.42 90.0 left 1 660.5085361 660.809157133 661.101695061 661.780604124
231 0.3 0.3 1 0.3 0.01 4.0 0.0 0.42 90.0 right 1 661.803493023 662.104146004 662.396670103 663.309332132
232 0.3 0.3 1 0.3 0.04472135955 4.0 0.2 0.42 90.0 left 0 663.332448006 663.633118153 663.925649166 664.720927
233 0.3 0.3 -1 0.3 0.0736806299728 4.0 0.0 0.42 22.0 left 1 664.744372129 665.04509306 665.33743906 666.08307004
234 0.3 0.3 1 0.3 0.0271441761659 4.0 0.2 0.42 90.0 left 0 666.106070995 666.40697217 666.699341059 667.444839001
235 0.3 0.3 1 0.3 0.2 4.0 0.0 0.42 22.0 right 1 667.467905998 667.768826008 668.061200142 668.764918089
236 0.3 0.3 -1 0.3 0.04472135955 4.0 0.6 0.42 22.0 right 0 668.788002014 669.088777065 669.381150007 670.302170992
237 0.3 0.3 -1 0.3 0.01 4.0 0.2 0.42 22.0 right 0 670.325419188 670.62608099 670.918465137 671.688891172
238 0.3 0.3 -1 0.3 0.04472135955 4.0 0.8 0.42 90.0 right 0 671.712182999 672.013044119 672.305433989 673.192711115
239 0.3 0.3 1 0.3 0.0164754897244 4.0 0.6 0.42 90.0 left 0 673.216121197 673.516864061 673.809203148 674.588406086
240 0.3 0.3 -1 0.3 0.2 4.0 0.6 0.42 90.0 left 1 674.611333132 674.912127972 675.204615116 676.075402975
241 0.3 0.3 -1 0.3 0.01 4.0 0.4 0.42 90.0 left 1 676.098551035 676.399159193 676.691740036 677.863617182
242 0.3 0.3 -1 0.3 0.2 4.0 0.0 0.42 90.0 left 1 677.89487505 678.195523024 678.487895012 679.224984169
243 0.3 0.3 -1 0.3 0.121392446201 4.0 0.4 0.42 22.0 left 1 679.248258114 679.549064159 679.841467142 680.620366096
244 0.3 0.3 -1 0.3 0.01 4.0 0.4 0.42 22.0 left 1 680.643596172 680.944183111 681.236669064 681.923921108
245 0.3 0.3 1 0.3 0.2 4.0 0.2 0.42 22.0 right 1 681.946845055 682.247582197 682.539937973 683.29405117
246 0.3 0.3 1 0.3 0.0271441761659 4.0 0.2 0.42 22.0 right 1 683.316956997 683.617743015 683.910243034 684.931457043
247 0.3 0.3 1 0.3 0.01 4.0 0.6 0.42 90.0 left 0 684.954498053 685.255413055 685.547742128 686.660866976
248 0.3 0.3 -1 0.3 0.0164754897244 4.0 0.8 0.42 22.0 left 1 686.684041977 686.984873056 687.277260065 688.423570156
249 0.3 0.3 1 0.3 0.2 4.0 0.6 0.42 22.0 right 1 688.446854115 688.74751997 689.040152073 689.676886082
250 0.3 0.3 -1 0.3 0.0271441761659 4.0 0.2 0.42 22.0 right 0 689.700256109 690.000838041 690.293205023 691.055332184
251 0.3 0.3 1 0.3 0.121392446201 4.0 0.2 0.42 22.0 right 1 691.078706026 691.379482985 691.671772003 692.375396967
252 0.3 0.3 -1 0.3 0.01 4.0 0.6 0.42 22.0 right 0 692.39865303 692.699568033 692.991855145 693.737364054
253 0.3 0.3 1 0.3 0.0164754897244 4.0 0.2 0.42 22.0 right 1 693.760627031 694.061249018 694.353620052 695.082622051
254 0.3 0.3 -1 0.3 0.2 4.0 0.4 0.42 22.0 left 1 695.105782986 695.406442165 695.698758125 696.286665201
255 0.3 0.3 -1 0.3 0.0736806299728 4.0 0.0 0.42 90.0 left 1 696.308809996 696.609505177 696.902043104 697.697617054
256 0.3 0.3 -1 0.3 0.0736806299728 4.0 0.4 0.42 90.0 left 1 697.720785141 698.021496058 698.313920021 699.126707077
257 0.3 0.3 1 0.3 0.04472135955 4.0 0.4 0.42 22.0 right 1 699.157811165 699.458432198 699.750831127 700.555080175
258 0.3 0.3 -1 0.3 0.0271441761659 4.0 0.2 0.42 90.0 right 0 700.578116179 700.878797054 701.171154976 702.234389067
259 0.3 0.3 -1 0.3 0.121392446201 4.0 0.8 0.42 90.0 left 1 702.257457972 702.558199167 702.850638151 703.704800129
260 0.3 0.3 -1 0.3 0.0164754897244 4.0 0.4 0.42 90.0 left 1 703.727822065 704.028623104 704.320991039 705.383896112
261 0.3 0.3 1 0.3 0.04472135955 4.0 0.4 0.42 90.0 left 0 705.407081127 705.708008051 706.000339985 706.887742996
262 0.3 0.3 -1 0.3 0.2 4.0 0.8 0.42 22.0 left 1 706.911113024 707.211740971 707.504260063 708.291560173
263 0.3 0.3 1 0.3 0.2 4.0 0.2 0.42 90.0 right 1 708.314581156 708.615298033 708.907714128 709.60346818
264 0.3 0.3 -1 0.3 0.121392446201 4.0 0.0 0.42 22.0 left 1 709.626382113 709.927082062 710.21937418 711.458124161
265 0.3 0.3 -1 0.3 0.2 4.0 0.8 0.42 90.0 left 1 711.481018066 711.781891108 712.074376106 712.978411198
266 0.3 0.3 1 0.3 0.0164754897244 4.0 0.2 0.42 90.0 left 0 713.001638174 713.302409172 713.594758987 714.691359997
267 0.3 0.3 -1 0.3 0.121392446201 4.0 0.2 0.42 22.0 left 1 714.714344978 715.015202999 715.307593107 716.044782162
268 0.3 0.3 1 0.3 0.0271441761659 4.0 0.4 0.42 90.0 left 0 716.067753077 716.368704081 716.661082983 717.724291086
269 0.3 0.3 1 0.3 0.121392446201 4.0 0.0 0.42 90.0 left 0 717.747192144 718.0478971 718.340440035 719.136382103
270 0.3 0.3 -1 0.3 0.0736806299728 4.0 0.2 0.42 22.0 left 1 719.159025192 719.459920168 719.752384186 720.455924988
271 0.3 0.3 -1 0.3 0.04472135955 4.0 0.4 0.42 90.0 right 0 720.479197979 720.780088186 721.072339058 721.97648716
272 0.3 0.3 -1 0.3 0.0271441761659 4.0 0.6 0.42 22.0 left 1 721.999731064 722.300589085 722.592831135 723.421816111
273 0.3 0.3 1 0.3 0.0736806299728 4.0 0.8 0.42 90.0 left 0 723.445162058 723.746030092 724.038276196 724.817383051
274 0.3 0.3 1 0.3 0.04472135955 4.0 0.6 0.42 22.0 right 1 724.840350151 725.141147137 725.43365407 726.237441063
275 0.3 0.3 -1 0.3 0.0736806299728 4.0 0.6 0.42 90.0 left 1 726.260709047 726.561582088 726.853890181 727.941799164
276 0.3 0.3 1 0.3 0.2 4.0 0.4 0.42 22.0 right 1 727.965021133 728.2658391 728.558356047 729.245313168
277 0.3 0.3 -1 0.3 0.01 4.0 0.0 0.42 22.0 right 0 729.268501997 729.569243193 729.861670971 730.665698051
278 0.3 0.3 -1 0.3 0.2 4.0 0.2 0.42 22.0 left 1 730.688750982 730.989431143 731.282042027 732.052809
279 0.3 0.3 1 0.3 0.0736806299728 4.0 0.2 0.42 22.0 right 1 732.084014177 732.384940147 732.677213192 733.381149054
280 0.3 0.3 1 0.3 0.0736806299728 4.0 0.2 0.42 90.0 left 0 733.412503004 733.713240147 734.005644083 734.85137105
