trial durationPreFixation durationFixation direction durationGrating duration speed phaseIni contrast size response correct time_onset time_fixation time_stimulus time_response
1 0.3 0.3 1 0.3 0.04472135955 4.0 0.0 0.42 90.0 left 0 29.0733969212 29.3740530014 29.6665158272 30.416782856
2 0.3 0.3 -1 0.3 0.121392446201 4.0 0.6 0.42 22.0 left 1 30.435300827 30.7358999252 31.0283129215 31.6321258545
3 0.3 0.3 -1 0.3 0.0164754897244 4.0 0.6 0.42 90.0 left 1 31.6549258232 31.9556889534 32.2480988503 32.8854417801
4 0.3 0.3 1 0.3 0.0271441761659 4.0 0.8 0.42 90.0 left 0 32.9081099033 33.2089698315 33.5014259815 34.1552457809
5 0.3 0.3 -1 0.3 0.04472135955 4.0 0.2 0.42 22.0 left 1 34.178044796 34.478894949 34.7714509964 35.6674869061
6 0.3 0.3 -1 0.3 0.0164754897244 4.0 0.0 0.42 22.0 right 0 35.6903669834 35.9910969734 36.2836518288 37.0374639034
7 0.3 0.3 -1 0.3 0.01 4.0 0.8 0.42 90.0 left 1 37.0606558323 37.3612868786 37.653870821 38.5409948826
8 0.3 0.3 1 0.3 0.0271441761659 4.0 0.0 0.42 22.0 left 0 38.5644979477 38.8651177883 39.1575889587 39.8444979191
9 0.3 0.3 1 0.3 0.121392446201 4.0 0.4 0.42 22.0 right 1 39.867800951 40.1684789658 40.460862875 41.1314599514
10 0.3 0.3 1 0.3 0.0164754897244 4.0 0.8 0.42 90.0 right 1 41.1543228626 41.455275774 41.7476739883 42.651693821
11 0.3 0.3 -1 0.3 0.0736806299728 4.0 0.2 0.42 22.0 left 1 42.6749508381 42.9756929874 43.2681457996 43.9551739693
12 0.3 0.3 1 0.3 0.2 4.0 0.8 0.42 90.0 left 0 43.9782838821 44.2792408466 44.5715038776 45.6514978409
13 0.3 0.3 1 0.3 0.01 4.0 0.4 0.42 90.0 left 0 45.674341917 45.9750669003 46.2675058842 47.3224937916
14 0.3 0.3 -1 0.3 0.0164754897244 4.0 0.8 0.42 22.0 left 1 47.345291853 47.6460359097 47.938574791 48.7174098492
15 0.3 0.3 -1 0.3 0.0736806299728 4.0 0.4 0.42 22.0 left 1 48.7406628132 49.0413517952 49.3337078094 50.0289139748
16 0.3 0.3 1 0.3 0.2 4.0 0.0 0.42 22.0 right 1 50.0523798466 50.3530797958 50.6454358101 51.1747198105
17 0.3 0.3 1 0.3 0.0271441761659 4.0 0.2 0.42 22.0 right 1 51.1967759132 51.497759819 51.790104866 52.7615029812
18 0.3 0.3 -1 0.3 0.0271441761659 4.0 0.8 0.42 22.0 right 0 52.7842679024 53.0850968361 53.3775339127 54.123128891
19 0.3 0.3 1 0.3 0.0271441761659 4.0 0.4 0.42 90.0 left 0 54.1461069584 54.4468889236 54.7394108772 55.6100859642
20 0.3 0.3 1 0.3 0.121392446201 4.0 0.8 0.42 90.0 right 1 55.6333618164 55.9340159893 56.2263908386 57.1392598152
21 0.3 0.3 -1 0.3 0.01 4.0 0.0 0.42 90.0 left 1 57.1621229649 57.462982893 57.7552988529 58.7096238136
22 0.3 0.3 1 0.3 0.0164754897244 4.0 0.2 0.42 22.0 right 1 58.7328948975 59.0336139202 59.3260397911 60.1135509014
23 0.3 0.3 1 0.3 0.04472135955 4.0 0.8 0.42 22.0 right 1 60.136526823 60.437297821 60.7298548222 61.4755499363
24 0.3 0.3 1 0.3 0.0271441761659 4.0 0.4 0.42 22.0 left 0 61.5066168308 61.8074457645 62.0999507904 62.8790109158
25 0.3 0.3 1 0.3 0.121392446201 4.0 0.0 0.42 22.0 right 1 62.9018929005 63.202824831 63.495238781 64.2322728634
26 0.3 0.3 1 0.3 0.0736806299728 4.0 0.0 0.42 90.0 left 0 64.2554109097 64.5561778545 64.8487789631 65.9867990017
27 0.3 0.3 -1 0.3 0.121392446201 4.0 0.0 0.42 90.0 left 1 66.0099358559 66.3107039928 66.6030869484 67.900135994
28 0.3 0.3 -1 0.3 0.2 4.0 0.4 0.42 90.0 left 1 67.9231619835 68.2240989208 68.516479969 69.4455039501
29 0.3 0.3 1 0.3 0.0736806299728 4.0 0.6 0.42 90.0 left 0 69.468765974 69.7695069313 70.0619969368 70.9244987965
30 0.3 0.3 1 0.3 0.2 4.0 0.0 0.42 90.0 left 0 70.9475328922 71.2484087944 71.5408577919 72.6036138535
31 0.3 0.3 -1 0.3 0.01 4.0 0.6 0.42 22.0 right 0 72.6269958019 72.9278039932 73.2200629711 74.0075259209
32 0.3 0.3 1 0.3 0.04472135955 4.0 0.2 0.42 90.0 left 0 74.0305747986 74.3313179016 74.6238548756 75.5866308212
33 0.3 0.3 1 0.3 0.121392446201 4.0 0.6 0.42 90.0 left 0 75.6097409725 75.9102728367 76.202783823 77.0318319798
34 0.3 0.3 1 0.3 0.0271441761659 4.0 0.0 0.42 90.0 left 0 77.0550658703 77.3557188511 77.6481847763 78.6446578503
35 0.3 0.3 -1 0.3 0.01 4.0 0.6 0.42 90.0 left 1 78.6673898697 78.9683229923 79.2607319355 80.0147628784
36 0.3 0.3 1 0.3 0.0736806299728 4.0 0.2 0.42 90.0 left 0 80.0375847816 80.3385307789 80.6309409142 81.5600099564
37 0.3 0.3 1 0.3 0.0736806299728 4.0 0.4 0.42 90.0 left 0 81.583190918 81.8840808868 82.1764159203 82.8634147644
38 0.3 0.3 1 0.3 0.121392446201 4.0 0.6 0.42 22.0 right 1 82.8866288662 83.1873278618 83.4797129631 84.3256008625
39 0.3 0.3 1 0.3 0.0271441761659 4.0 0.2 0.42 90.0 left 0 84.3488268852 84.6494019032 84.9419028759 86.0133349895
40 0.3 0.3 1 0.3 0.04472135955 4.0 0.4 0.42 90.0 left 0 86.0363478661 86.3373129368 86.6295309067 87.4835338593
41 0.3 0.3 -1 0.3 0.04472135955 4.0 0.6 0.42 90.0 left 1 87.5067589283 87.8077178001 88.1000568867 88.9290018082
42 0.3 0.3 -1 0.3 0.0271441761659 4.0 0.6 0.42 90.0 left 1 88.9523038864 89.2529149055 89.5454258919 90.266397953
43 0.3 0.3 -1 0.3 0.0164754897244 4.0 0.4 0.42 90.0 left 1 90.2972679138 90.5981068611 90.8905858994 92.0120899677
44 0.3 0.3 1 0.3 0.0736806299728 4.0 0.6 0.42 22.0 right 1 92.0351359844 92.3359627724 92.6282567978 93.39879179
45 0.3 0.3 1 0.3 0.2 4.0 0.6 0.42 22.0 right 1 93.4221279621 93.7228069305 94.0152089596 94.8612558842
46 0.3 0.3 -1 0.3 0.04472135955 4.0 0.8 0.42 22.0 right 0 94.8842368126 95.1848378181 95.4773349762 96.4316248894
47 0.3 0.3 -1 0.3 0.04472135955 4.0 0.2 0.42 90.0 right 0 96.454928875 96.755614996 97.0480408669 98.1112267971
48 0.3 0.3 -1 0.3 0.04472135955 4.0 0.6 0.42 22.0 left 1 98.1341218948 98.434899807 98.727437973 99.5227949619
49 0.3 0.3 1 0.3 0.121392446201 4.0 0.2 0.42 90.0 left 0 99.5462038517 99.8467609882 100.139243841 101.009972811
50 0.3 0.3 1 0.3 0.0736806299728 4.0 0.2 0.42 22.0 right 1 101.033169985 101.334053993 101.626541853 102.355108976
51 0.3 0.3 1 0.3 0.2 4.0 0.8 0.42 22.0 right 1 102.378412962 102.679040909 102.971441984 103.800549984
52 0.3 0.3 -1 0.3 0.121392446201 4.0 0.0 0.42 22.0 left 1 103.823830843 104.124644995 104.416893959 105.153935909
53 0.3 0.3 -1 0.3 0.0164754897244 4.0 0.6 0.42 22.0 left 1 105.177180767 105.478132963 105.770377874 106.883488894
54 0.3 0.3 1 0.3 0.04472135955 4.0 0.6 0.42 90.0 left 0 106.906701803 107.207446814 107.499763966 108.579741955
55 0.3 0.3 -1 0.3 0.2 4.0 0.8 0.42 90.0 left 1 108.60273695 108.903499842 109.195970774 110.108713865
56 0.3 0.3 -1 0.3 0.0736806299728 4.0 0.0 0.42 90.0 left 1 110.131560802 110.432512999 110.724919796 111.662622929
57 0.3 0.3 1 0.3 0.0164754897244 4.0 0.4 0.42 22.0 right 1 111.685680866 111.986390829 112.278880835 113.015849829
58 0.3 0.3 -1 0.3 0.0736806299728 4.0 0.4 0.42 90.0 right 0 113.039089918 113.339823961 113.632191896 114.536605835
59 0.3 0.3 -1 0.3 0.04472135955 4.0 0.0 0.42 22.0 right 0 114.559753895 114.860366821 115.152789831 115.965281963
60 0.3 0.3 -1 0.3 0.2 4.0 0.2 0.42 22.0 left 1 115.988305807 116.28925395 116.581689835 117.485737801
61 0.3 0.3 1 0.3 0.01 4.0 0.0 0.42 90.0 left 0 117.508970976 117.809788942 118.102122784 119.165210962
62 0.3 0.3 -1 0.3 0.04472135955 4.0 0.4 0.42 90.0 left 1 119.188296795 119.488912821 119.781457901 121.220254898
63 0.3 0.3 1 0.3 0.2 4.0 0.4 0.42 22.0 right 1 121.243620872 121.54427886 121.836620808 122.732528925
64 0.3 0.3 1 0.3 0.0164754897244 4.0 0.6 0.42 22.0 right 1 122.755757809 123.056407928 123.348877907 124.270367861
65 0.3 0.3 1 0.3 0.0164754897244 4.0 0.2 0.42 90.0 left 0 124.292961836 124.593770981 124.886329889 125.765343904
66 0.3 0.3 1 0.3 0.0736806299728 4.0 0.8 0.42 22.0 right 1 125.788599968 126.089239836 126.381603003 127.236054897
67 0.3 0.3 -1 0.3 0.01 4.0 0.2 0.42 90.0 right 0 127.258967876 127.559734821 127.852065802 128.706292868
68 0.3 0.3 -1 0.3 0.0736806299728 4.0 0.6 0.42 22.0 left 1 128.729457855 129.030213833 129.322553873 130.201843977
69 0.3 0.3 1 0.3 0.0271441761659 4.0 0.8 0.42 22.0 left 0 130.224821806 130.52578783 130.81819582 131.831038952
70 0.3 0.3 -1 0.3 0.2 4.0 0.8 0.42 22.0 left 1 131.85419488 132.154782772 132.447337866 133.310050964
71 0.3 0.3 1 0.3 0.01 4.0 0.0 0.42 22.0 left 0 133.332835913 133.633813858 133.926158905 134.863783836
72 0.3 0.3 -1 0.3 0.01 4.0 0.0 0.42 22.0 left 1 134.88687396 135.187599897 135.480202913 136.584802866
73 0.3 0.3 -1 0.3 0.2 4.0 0.2 0.42 90.0 left 1 136.608099937 136.908703804 137.201268911 138.355983973
74 0.3 0.3 1 0.3 0.01 4.0 0.8 0.42 90.0 left 0 138.379182816 138.679966927 138.972395897 140.102520943
75 0.3 0.3 1 0.3 0.04472135955 4.0 0.6 0.42 22.0 right 1 140.125346899 140.426020861 140.718634844 141.748340845
76 0.3 0.3 -1 0.3 0.0164754897244 4.0 0.2 0.42 90.0 left 1 141.771349907 142.072040796 142.364500999 143.811811924
77 0.3 0.3 1 0.3 0.01 4.0 0.2 0.42 90.0 left 0 143.834972858 144.135562897 144.428056002 145.415826797
78 0.3 0.3 -1 0.3 0.0271441761659 4.0 0.0 0.42 22.0 right 0 145.438959837 145.7398808 146.03220892 146.786203861
79 0.3 0.3 1 0.3 0.121392446201 4.0 0.4 0.42 90.0 left 0 146.809294939 147.109990835 147.402366877 148.298589945
80 0.3 0.3 -1 0.3 0.0736806299728 4.0 0.6 0.42 90.0 left 1 148.32138896 148.622187853 148.914684772 149.701865911
81 0.3 0.3 -1 0.3 0.0736806299728 4.0 0.2 0.42 90.0 left 1 149.725062847 150.025889874 150.318114996 151.197707891
82 0.3 0.3 -1 0.3 0.121392446201 4.0 0.8 0.42 90.0 left 1 151.220443964 151.521421909 151.81384182 152.609268904
83 0.3 0.3 1 0.3 0.0736806299728 4.0 0.0 0.42 22.0 right 1 152.632604837 152.933209896 153.225605965 154.046610832
84 0.3 0.3 -1 0.3 0.121392446201 4.0 0.4 0.42 22.0 left 1 154.077997923 154.378630877 154.671032906 155.725997925
85 0.3 0.3 -1 0.3 0.01 4.0 0.8 0.42 22.0 right 0 155.74896884 156.049603939 156.342109919 157.513782978
86 0.3 0.3 -1 0.3 0.121392446201 4.0 0.4 0.42 90.0 left 1 157.536852837 157.837516785 158.130016804 158.958841801
87 0.3 0.3 -1 0.3 0.121392446201 4.0 0.2 0.42 22.0 left 1 158.982149839 159.28290987 159.57540679 160.396094799
88 0.3 0.3 -1 0.3 0.0736806299728 4.0 0.8 0.42 90.0 left 1 160.41918087 160.719814777 161.012319803 161.933615923
89 0.3 0.3 -1 0.3 0.0271441761659 4.0 0.2 0.42 22.0 left 1 161.956484795 162.257270813 162.549758911 163.454160929
90 0.3 0.3 -1 0.3 0.0164754897244 4.0 0.8 0.42 90.0 left 1 163.476960897 163.777734995 164.070324898 164.932439804
91 0.3 0.3 -1 0.3 0.0271441761659 4.0 0.8 0.42 90.0 left 1 164.955910921 165.256522894 165.548980951 166.428303957
92 0.3 0.3 -1 0.3 0.0271441761659 4.0 0.2 0.42 90.0 left 1 166.451313972 166.752260923 167.04446578 168.333119869
93 0.3 0.3 1 0.3 0.121392446201 4.0 0.2 0.42 22.0 right 1 168.356137991 168.657044888 168.949555874 169.686330795
94 0.3 0.3 -1 0.3 0.0271441761659 4.0 0.0 0.42 90.0 right 0 169.709813833 170.010594845 170.302771807 171.349670887
95 0.3 0.3 1 0.3 0.04472135955 4.0 0.8 0.42 90.0 left 0 171.380566835 171.681395769 171.973880768 173.12024188
96 0.3 0.3 -1 0.3 0.0736806299728 4.0 0.8 0.42 22.0 right 0 173.143627882 173.444239855 173.736627817 175.10055685
97 0.3 0.3 -1 0.3 0.0164754897244 4.0 0.4 0.42 22.0 right 0 175.123545885 175.424507856 175.716816902 176.604824781
98 0.3 0.3 1 0.3 0.01 4.0 0.6 0.42 90.0 left 0 176.627426863 176.928414822 177.220613956 178.342032909
99 0.3 0.3 1 0.3 0.01 4.0 0.4 0.42 22.0 left 0 178.365232944 178.66621089 178.958423853 179.996535778
100 0.3 0.3 -1 0.3 0.0271441761659 4.0 0.4 0.42 90.0 left 1 180.019555807 180.320385933 180.612656832 181.876326799
101 0.3 0.3 1 0.3 0.0736806299728 4.0 0.4 0.42 22.0 right 1 181.899380922 182.200045824 182.492525816 183.254776001
102 0.3 0.3 1 0.3 0.2 4.0 0.4 0.42 90.0 right 1 183.277912855 183.578618765 183.871136904 184.733433962
103 0.3 0.3 -1 0.3 0.0164754897244 4.0 0.0 0.42 90.0 right 0 184.756634951 185.057448864 185.349924803 186.48811388
104 0.3 0.3 -1 0.3 0.2 4.0 0.6 0.42 22.0 left 1 186.511296988 186.811903954 187.104408979 187.916972876
105 0.3 0.3 1 0.3 0.01 4.0 0.2 0.42 22.0 left 0 187.948326826 188.248954773 188.541369915 189.829855919
106 0.3 0.3 1 0.3 0.01 4.0 0.6 0.42 22.0 left 0 189.853029966 190.154008865 190.44636178 191.350521803
107 0.3 0.3 1 0.3 0.04472135955 4.0 0.4 0.42 22.0 right 1 191.373715878 191.674482822 191.966799974 192.871064901
108 0.3 0.3 -1 0.3 0.0164754897244 4.0 0.2 0.42 22.0 right 0 192.894294977 193.195150852 193.487391949 194.266328812
109 0.3 0.3 1 0.3 0.0164754897244 4.0 0.0 0.42 90.0 right 1 194.28962779 194.59024477 194.882717848 196.020873785
110 0.3 0.3 -1 0.3 0.0271441761659 4.0 0.4 0.42 22.0 right 0 196.04399395 196.34483099 196.637340784 197.42531395
111 0.3 0.3 -1 0.3 0.01 4.0 0.2 0.42 22.0 right 0 197.447705984 197.74839592 198.040790796 198.878185987
112 0.3 0.3 1 0.3 0.0164754897244 4.0 0.4 0.42 90.0 right 1 198.901331902 199.202038765 199.494475842 200.716233969
113 0.3 0.3 -1 0.3 0.04472135955 4.0 0.4 0.42 22.0 left 1 200.739480972 201.040336847 201.332563877 202.178272963
114 0.3 0.3 1 0.3 0.121392446201 4.0 0.8 0.42 22.0 right 1 202.201471806 202.502194881 202.794638872 203.523831844
115 0.3 0.3 1 0.3 0.0271441761659 4.0 0.6 0.42 22.0 right 1 203.546587944 203.847391844 204.139869928 205.211159945
116 0.3 0.3 -1 0.3 0.121392446201 4.0 0.8 0.42 22.0 left 1 205.234299898 205.535051823 205.827404976 206.639762878
117 0.3 0.3 -1 0.3 0.2 4.0 0.4 0.42 22.0 left 1 206.663131952 206.963747978 207.25611186 207.976770878
118 0.3 0.3 1 0.3 0.0164754897244 4.0 0.6 0.42 90.0 left 0 207.999683857 208.30050993 208.593004942 209.514174938
119 0.3 0.3 1 0.3 0.0736806299728 4.0 0.8 0.42 90.0 left 0 209.53696394 209.837772846 210.130286932 210.867558956
120 0.3 0.3 -1 0.3 0.04472135955 4.0 0.8 0.42 90.0 right 0 210.890620947 211.191211939 211.483776808 212.228959799
121 0.3 0.3 -1 0.3 0.2 4.0 0.6 0.42 90.0 right 0 212.252425909 212.553038836 212.845463991 213.850430965
122 0.3 0.3 1 0.3 0.0164754897244 4.0 0.0 0.42 22.0 left 0 213.87310791 214.174084902 214.466338873 215.387185812
123 0.3 0.3 -1 0.3 0.01 4.0 0.4 0.42 90.0 left 1 215.410610914 215.711311817 216.003579855 217.258801937
124 0.3 0.3 -1 0.3 0.2 4.0 0.0 0.42 90.0 left 1 217.281953812 217.582607985 217.875083923 218.671002865
125 0.3 0.3 -1 0.3 0.121392446201 4.0 0.6 0.42 90.0 left 1 218.693874836 218.994759798 219.287193775 220.124459982
126 0.3 0.3 -1 0.3 0.01 4.0 0.4 0.42 22.0 right 0 220.147578001 220.448494911 220.740719795 221.870536804
127 0.3 0.3 -1 0.3 0.0736806299728 4.0 0.0 0.42 22.0 left 1 221.89387393 222.194485903 222.486912966 223.291132927
128 0.3 0.3 1 0.3 0.0271441761659 4.0 0.6 0.42 90.0 left 0 223.314081907 223.614894867 223.907195807 224.82801199
129 0.3 0.3 -1 0.3 0.04472135955 4.0 0.0 0.42 90.0 left 1 224.851378918 225.152253866 225.444529772 226.265145779
130 0.3 0.3 -1 0.3 0.0271441761659 4.0 0.6 0.42 22.0 left 1 226.288429976 226.589120865 226.881543875 227.594038963
131 0.3 0.3 1 0.3 0.2 4.0 0.2 0.42 90.0 left 0 227.616905928 227.917527914 228.209979773 229.055967808
132 0.3 0.3 1 0.3 0.0164754897244 4.0 0.8 0.42 22.0 left 0 229.078846931 229.379744768 229.672205925 230.835231781
133 0.3 0.3 1 0.3 0.04472135955 4.0 0.0 0.42 22.0 right 1 230.858584881 231.15917778 231.451641798 232.314155817
134 0.3 0.3 1 0.3 0.2 4.0 0.6 0.42 90.0 left 0 232.337311983 232.638002872 232.930479765 233.792899847
135 0.3 0.3 1 0.3 0.2 4.0 0.2 0.42 22.0 right 1 233.816161871 234.116814852 234.40931797 235.380627871
136 0.3 0.3 -1 0.3 0.2 4.0 0.0 0.42 22.0 left 1 235.403474808 235.70417881 235.996778965 236.725317001
137 0.3 0.3 1 0.3 0.04472135955 4.0 0.2 0.42 22.0 right 1 236.748714924 237.049390793 237.341730833 238.212777853
138 0.3 0.3 -1 0.3 0.121392446201 4.0 0.2 0.42 90.0 left 1 238.235700846 238.536605835 238.829060793 239.582838774
139 0.3 0.3 1 0.3 0.121392446201 4.0 0.0 0.42 90.0 right 1 239.605929852 239.906741858 240.199240923 241.178400993
140 0.3 0.3 1 0.3 0.01 4.0 0.8 0.42 22.0 left 0 241.20163393 241.502658844 241.794827938 242.4985919
141 0.3 0.3 1 0.3 0.04472135955 4.0 0.6 0.42 90.0 left 0 511.989151001 512.289947987 512.58233285 513.578660965
142 0.3 0.3 -1 0.3 0.0736806299728 4.0 0.0 0.42 22.0 left 1 513.601590872 513.902354956 514.194896936 514.915383816
143 0.3 0.3 -1 0.3 0.0271441761659 4.0 0.8 0.42 90.0 left 1 514.938384771 515.239155769 515.531493902 516.561229944
144 0.3 0.3 1 0.3 0.01 4.0 0.0 0.42 90.0 left 0 516.58427 516.885051966 517.177534819 518.039986849
145 0.3 0.3 -1 0.3 0.0164754897244 4.0 0.0 0.42 90.0 left 1 518.063202858 518.363756895 518.656317949 519.861419916
146 0.3 0.3 -1 0.3 0.04472135955 4.0 0.0 0.42 90.0 left 1 519.884383917 520.185236931 520.477673769 521.498702765
147 0.3 0.3 -1 0.3 0.2 4.0 0.2 0.42 22.0 left 1 521.521862984 521.822824001 522.115280867 522.84373188
148 0.3 0.3 1 0.3 0.0271441761659 4.0 0.4 0.42 22.0 right 1 522.867234945 523.167925835 523.460305929 524.381527901
149 0.3 0.3 1 0.3 0.0736806299728 4.0 0.4 0.42 90.0 left 0 524.404396772 524.705031872 524.997653961 526.110864878
150 0.3 0.3 -1 0.3 0.2 4.0 0.8 0.42 90.0 left 1 526.133904934 526.43460083 526.727075815 527.581130981
151 0.3 0.3 1 0.3 0.01 4.0 0.4 0.42 22.0 left 0 527.604230881 527.905015945 528.197364807 529.218934774
152 0.3 0.3 -1 0.3 0.04472135955 4.0 0.8 0.42 90.0 left 1 529.250090837 529.551045895 529.843260765 530.722636938
153 0.3 0.3 1 0.3 0.2 4.0 0.4 0.42 90.0 right 1 530.745600939 531.046426773 531.338781834 532.05090785
154 0.3 0.3 1 0.3 0.04472135955 4.0 0.0 0.42 22.0 right 1 532.074043989 532.374825001 532.667248964 533.504538774
155 0.3 0.3 1 0.3 0.0164754897244 4.0 0.0 0.42 90.0 left 0 533.52784586 533.828604937 534.120933771 534.933636904
156 0.3 0.3 -1 0.3 0.121392446201 4.0 0.0 0.42 90.0 right 0 534.956473827 535.257325888 535.549769878 536.245287895
157 0.3 0.3 1 0.3 0.0164754897244 4.0 0.8 0.42 22.0 right 1 536.268100977 536.569067001 536.861382961 537.999747992
158 0.3 0.3 1 0.3 0.0736806299728 4.0 0.8 0.42 90.0 left 0 538.022700787 538.323408842 538.61588788 539.403004885
159 0.3 0.3 1 0.3 0.0736806299728 4.0 0.6 0.42 90.0 left 0 539.426235914 539.727175951 540.019532919 540.882235765
160 0.3 0.3 1 0.3 0.2 4.0 0.8 0.42 90.0 right 1 540.913542986 541.214135885 541.506618977 542.302335978
161 0.3 0.3 1 0.3 0.04472135955 4.0 0.8 0.42 22.0 right 1 542.325391769 542.626210928 542.918682814 543.831501961
162 0.3 0.3 1 0.3 0.0271441761659 4.0 0.6 0.42 90.0 left 0 543.854351997 544.155212879 544.44745183 545.301750898
163 0.3 0.3 -1 0.3 0.01 4.0 0.2 0.42 90.0 right 0 545.324816942 545.625536919 545.918116808 546.889343977
164 0.3 0.3 -1 0.3 0.01 4.0 0.4 0.42 90.0 left 1 546.912258863 547.212931871 547.505417824 548.192519903
165 0.3 0.3 -1 0.3 0.0164754897244 4.0 0.8 0.42 90.0 left 1 548.215599775 548.516237974 548.808806896 549.921944857
166 0.3 0.3 1 0.3 0.121392446201 4.0 0.2 0.42 90.0 right 1 549.945007801 550.24563694 550.538266897 551.935621977
167 0.3 0.3 1 0.3 0.01 4.0 0.2 0.42 90.0 right 1 551.958431959 552.259219885 552.55177784 553.739960909
168 0.3 0.3 -1 0.3 0.0271441761659 4.0 0.0 0.42 22.0 left 1 553.763096809 554.064017773 554.356311798 555.37782979
169 0.3 0.3 1 0.3 0.121392446201 4.0 0.8 0.42 22.0 right 1 555.408973932 555.70981884 556.002218962 556.722427845
170 0.3 0.3 -1 0.3 0.0164754897244 4.0 0.8 0.42 22.0 right 0 556.745876789 557.046497822 557.338928938 558.201699972
171 0.3 0.3 1 0.3 0.2 4.0 0.6 0.42 22.0 right 1 558.232864857 558.533792973 558.826227903 559.621983767
172 0.3 0.3 1 0.3 0.0271441761659 4.0 0.0 0.42 22.0 right 1 559.644929886 559.945580959 560.238145828 561.092184782
173 0.3 0.3 -1 0.3 0.2 4.0 0.4 0.42 22.0 left 1 561.115252972 561.416080952 561.708620787 562.5375669
174 0.3 0.3 -1 0.3 0.0271441761659 4.0 0.4 0.42 22.0 right 0 562.560704947 562.861547947 563.154005766 564.125213861
175 0.3 0.3 -1 0.3 0.121392446201 4.0 0.8 0.42 22.0 left 1 564.148177862 564.449042797 564.741421938 565.653848886
176 0.3 0.3 -1 0.3 0.0736806299728 4.0 0.2 0.42 90.0 right 0 565.677108765 565.977971792 566.270217896 567.383329868
177 0.3 0.3 1 0.3 0.0164754897244 4.0 0.6 0.42 22.0 right 1 567.40662694 567.707239866 567.999677896 568.82860899
178 0.3 0.3 -1 0.3 0.0736806299728 4.0 0.8 0.42 22.0 left 1 568.851914883 569.1526649 569.445048809 570.232380867
179 0.3 0.3 1 0.3 0.2 4.0 0.6 0.42 90.0 left 0 570.25552392 570.556212902 570.848614931 571.63607192
180 0.3 0.3 -1 0.3 0.0164754897244 4.0 0.2 0.42 22.0 left 1 571.659165859 571.959987879 572.25222683 573.373709917
181 0.3 0.3 -1 0.3 0.121392446201 4.0 0.0 0.42 22.0 left 1 573.397007942 573.697666883 573.990053892 574.768955946
182 0.3 0.3 -1 0.3 0.0271441761659 4.0 0.4 0.42 90.0 left 1 574.792275906 575.092891932 575.385437965 576.322902918
183 0.3 0.3 -1 0.3 0.0271441761659 4.0 0.2 0.42 90.0 left 1 576.346132994 576.64682579 576.939360857 577.902078867
184 0.3 0.3 1 0.3 0.0271441761659 4.0 0.6 0.42 22.0 left 0 577.925218821 578.226080894 578.518355846 579.590142965
185 0.3 0.3 1 0.3 0.0164754897244 4.0 0.6 0.42 90.0 left 0 579.612974882 579.91356492 580.206196785 581.143620968
186 0.3 0.3 -1 0.3 0.121392446201 4.0 0.2 0.42 22.0 left 1 581.166924 581.46774292 581.75998497 582.572608948
187 0.3 0.3 1 0.3 0.01 4.0 0.6 0.42 22.0 left 0 582.595467806 582.896438837 583.188825846 584.368509769
188 0.3 0.3 -1 0.3 0.121392446201 4.0 0.6 0.42 90.0 left 1 584.3917768 584.692670822 584.985137939 586.248356819
189 0.3 0.3 -1 0.3 0.0164754897244 4.0 0.6 0.42 90.0 left 1 586.271743774 586.572420835 586.86479497 587.977875948
190 0.3 0.3 -1 0.3 0.0736806299728 4.0 0.4 0.42 90.0 left 1 588.001191854 588.30180788 588.594255924 589.740920782
191 0.3 0.3 -1 0.3 0.0164754897244 4.0 0.4 0.42 90.0 left 1 589.763899803 590.064829826 590.357229948 591.637546778
192 0.3 0.3 -1 0.3 0.04472135955 4.0 0.8 0.42 22.0 right 0 591.660502911 591.961200953 592.253774881 593.21628499
193 0.3 0.3 1 0.3 0.04472135955 4.0 0.2 0.42 22.0 right 1 593.239633799 593.540245771 593.832789898 594.628422976
194 0.3 0.3 1 0.3 0.04472135955 4.0 0.2 0.42 90.0 left 0 594.651460886 594.952427864 595.24484992 596.207876921
195 0.3 0.3 1 0.3 0.01 4.0 0.8 0.42 22.0 left 0 596.230536938 596.531465769 596.823661804 598.054056883
196 0.3 0.3 -1 0.3 0.01 4.0 0.6 0.42 90.0 left 1 598.076941967 598.377815962 598.670165777 600.125992775
197 0.3 0.3 1 0.3 0.01 4.0 0.6 0.42 90.0 left 0 600.148948908 600.449802876 600.742227793 601.997221947
198 0.3 0.3 1 0.3 0.121392446201 4.0 0.4 0.42 90.0 left 0 602.020419836 602.321242809 602.613737822 603.459280968
199 0.3 0.3 -1 0.3 0.01 4.0 0.6 0.42 22.0 right 0 603.482649803 603.783264875 604.07564497 604.812952995
200 0.3 0.3 1 0.3 0.0164754897244 4.0 0.2 0.42 22.0 right 1 604.8360219 605.136823893 605.429318905 606.42519784
201 0.3 0.3 1 0.3 0.0271441761659 4.0 0.8 0.42 90.0 left 0 606.448504925 606.749205828 607.041597843 608.021420002
202 0.3 0.3 -1 0.3 0.121392446201 4.0 0.4 0.42 90.0 right 0 608.044393778 608.344931841 608.637555838 609.46665597
203 0.3 0.3 1 0.3 0.0271441761659 4.0 0.4 0.42 90.0 left 0 609.489670992 609.790342808 610.082961798 610.970274925
204 0.3 0.3 1 0.3 0.0164754897244 4.0 0.8 0.42 90.0 left 0 610.993618965 611.294271946 611.586608887 612.449493885
205 0.3 0.3 1 0.3 0.2 4.0 0.0 0.42 22.0 right 1 612.472311974 612.773160934 613.065584898 613.7691679
206 0.3 0.3 1 0.3 0.0271441761659 4.0 0.2 0.42 90.0 right 1 613.792338848 614.093214989 614.385490894 615.623927832
207 0.3 0.3 1 0.3 0.01 4.0 0.0 0.42 22.0 right 1 615.647067785 615.947982788 616.240288973 617.386851788
208 0.3 0.3 1 0.3 0.0736806299728 4.0 0.4 0.42 22.0 right 1 617.410098791 617.710743904 618.003219843 618.748620987
209 0.3 0.3 -1 0.3 0.04472135955 4.0 0.2 0.42 22.0 right 0 618.771963835 619.072550774 619.364949942 620.419804811
210 0.3 0.3 -1 0.3 0.0736806299728 4.0 0.4 0.42 22.0 left 1 620.442706823 620.74354291 621.035972834 621.798597813
211 0.3 0.3 -1 0.3 0.121392446201 4.0 0.8 0.42 90.0 left 1 621.829607964 622.130403996 622.422964811 623.20182395
212 0.3 0.3 1 0.3 0.0736806299728 4.0 0.2 0.42 22.0 right 1 623.224951982 623.525626898 623.818053961 624.555461884
213 0.3 0.3 1 0.3 0.04472135955 4.0 0.0 0.42 90.0 right 1 624.578355789 624.879263878 625.171508789 626.259542942
214 0.3 0.3 1 0.3 0.0164754897244 4.0 0.0 0.42 22.0 right 1 626.282862902 626.583508968 626.876009941 627.688159943
215 0.3 0.3 1 0.3 0.0736806299728 4.0 0.2 0.42 90.0 left 0 627.711564779 628.012287855 628.304585934 629.927427769
216 0.3 0.3 1 0.3 0.2 4.0 0.4 0.42 22.0 right 1 629.95045495 630.25124383 630.543867826 631.44814682
217 0.3 0.3 -1 0.3 0.2 4.0 0.2 0.42 90.0 left 1 631.471101999 631.772047997 632.064407825 633.018708944
218 0.3 0.3 1 0.3 0.2 4.0 0.8 0.42 22.0 right 1 633.041731834 633.342553854 633.635124922 634.422166824
219 0.3 0.3 1 0.3 0.0736806299728 4.0 0.6 0.42 22.0 right 1 634.445454836 634.746348858 635.03874898 635.784157991
220 0.3 0.3 -1 0.3 0.0736806299728 4.0 0.6 0.42 22.0 left 1 635.807243824 636.108197927 636.400406837 637.195952892
221 0.3 0.3 1 0.3 0.01 4.0 0.2 0.42 22.0 right 1 637.219281912 637.519906998 637.812310934 638.908722878
222 0.3 0.3 1 0.3 0.121392446201 4.0 0.2 0.42 22.0 right 1 638.932102919 639.23287487 639.525053978 640.35402298
223 0.3 0.3 -1 0.3 0.2 4.0 0.8 0.42 22.0 left 1 640.377325773 640.678170919 640.970454931 641.84166193
224 0.3 0.3 -1 0.3 0.01 4.0 0.2 0.42 22.0 right 0 641.864402771 642.165404797 642.457788944 643.395377874
225 0.3 0.3 -1 0.3 0.01 4.0 0.0 0.42 90.0 left 1 643.41859889 643.719152927 644.011591911 645.693506002
226 0.3 0.3 -1 0.3 0.01 4.0 0.8 0.42 22.0 left 1 645.724455833 646.025109768 646.317686796 647.305317879
227 0.3 0.3 -1 0.3 0.0736806299728 4.0 0.2 0.42 22.0 left 1 647.328642845 647.629437923 647.921728849 648.675562859
228 0.3 0.3 1 0.3 0.121392446201 4.0 0.8 0.42 90.0 left 0 648.698771 648.999625921 649.291948795 650.070780993
229 0.3 0.3 -1 0.3 0.121392446201 4.0 0.2 0.42 90.0 right 0 650.094049931 650.394701958 650.687060833 651.466182947
230 0.3 0.3 -1 0.3 0.121392446201 4.0 0.4 0.42 22.0 left 1 651.489193916 651.78992486 652.082518816 652.836714983
231 0.3 0.3 1 0.3 0.04472135955 4.0 0.8 0.42 90.0 right 1 652.867699862 653.168495893 653.461034775 654.59897995
232 0.3 0.3 -1 0.3 0.0736806299728 4.0 0.0 0.42 90.0 left 1 654.622294903 654.923179865 655.215396881 656.286702871
233 0.3 0.3 -1 0.3 0.0271441761659 4.0 0.6 0.42 22.0 right 0 656.309863806 656.610658884 656.903244972 657.681997776
234 0.3 0.3 1 0.3 0.0164754897244 4.0 0.4 0.42 22.0 left 0 657.705058813 658.006080866 658.298402786 659.344583988
235 0.3 0.3 -1 0.3 0.04472135955 4.0 0.0 0.42 22.0 left 1 659.367812872 659.668711901 659.960888863 661.60917592
236 0.3 0.3 1 0.3 0.01 4.0 0.8 0.42 90.0 left 0 661.631948948 661.932804823 662.225245953 663.47198391
237 0.3 0.3 -1 0.3 0.0271441761659 4.0 0.2 0.42 22.0 left 1 663.495011806 663.795865774 664.088152885 665.176467896
238 0.3 0.3 1 0.3 0.121392446201 4.0 0.4 0.42 22.0 right 1 665.19935894 665.500242949 665.792665958 666.588074923
239 0.3 0.3 -1 0.3 0.0164754897244 4.0 0.0 0.42 22.0 right 0 666.611403942 666.912316799 667.204553843 668.025137901
240 0.3 0.3 1 0.3 0.0736806299728 4.0 0.0 0.42 90.0 left 0 668.048565865 668.349298 668.641651869 669.812996864
241 0.3 0.3 1 0.3 0.04472135955 4.0 0.4 0.42 22.0 right 1 669.836382866 670.137270927 670.429627895 671.283965826
242 0.3 0.3 1 0.3 0.0736806299728 4.0 0.0 0.42 22.0 right 1 671.315242767 671.615813971 671.908516884 672.636986971
243 0.3 0.3 -1 0.3 0.01 4.0 0.8 0.42 90.0 right 0 672.660225868 672.961160898 673.253506899 674.884422779
244 0.3 0.3 -1 0.3 0.0271441761659 4.0 0.0 0.42 90.0 right 0 674.907631874 675.208563805 675.501027822 676.764367819
245 0.3 0.3 -1 0.3 0.0271441761659 4.0 0.8 0.42 22.0 right 0 676.787651777 677.088293791 677.380673885 678.343671799
246 0.3 0.3 1 0.3 0.01 4.0 0.4 0.42 90.0 left 0 678.366550922 678.66748786 678.959746838 679.780277967
247 0.3 0.3 -1 0.3 0.04472135955 4.0 0.4 0.42 22.0 left 1 679.803621769 680.104515791 680.396809816 681.301057816
248 0.3 0.3 1 0.3 0.121392446201 4.0 0.0 0.42 90.0 left 0 681.324114799 681.625113964 681.917388916 682.805160999
249 0.3 0.3 1 0.3 0.2 4.0 0.2 0.42 22.0 right 1 682.828049898 683.128989935 683.421346903 684.175315857
250 0.3 0.3 1 0.3 0.2 4.0 0.0 0.42 90.0 right 1 684.198192835 684.499010801 684.791351795 685.954970837
251 0.3 0.3 -1 0.3 0.0164754897244 4.0 0.4 0.42 22.0 right 0 685.977943897 686.278520823 686.570960999 687.391736984
252 0.3 0.3 -1 0.3 0.2 4.0 0.4 0.42 90.0 left 1 687.414955854 687.715525866 688.007939816 688.787147999
253 0.3 0.3 -1 0.3 0.04472135955 4.0 0.2 0.42 90.0 left 1 688.81001997 689.11092186 689.403394938 690.54971981
254 0.3 0.3 -1 0.3 0.0271441761659 4.0 0.6 0.42 90.0 right 0 690.572973967 690.873728991 691.166120768 692.178781986
255 0.3 0.3 -1 0.3 0.2 4.0 0.0 0.42 22.0 left 1 692.202086926 692.502923965 692.795328856 693.649339914
256 0.3 0.3 -1 0.3 0.01 4.0 0.4 0.42 22.0 left 1 693.672721863 693.973354816 694.265697002 695.053213835
257 0.3 0.3 -1 0.3 0.2 4.0 0.6 0.42 90.0 left 1 695.076174974 695.376996994 695.669516802 696.490448952
258 0.3 0.3 1 0.3 0.04472135955 4.0 0.6 0.42 22.0 right 1 696.521490812 696.822370768 697.114902973 697.944051981
259 0.3 0.3 1 0.3 0.0164754897244 4.0 0.2 0.42 90.0 right 1 697.967034817 698.267665863 698.560177803 699.564410925
260 0.3 0.3 -1 0.3 0.01 4.0 0.0 0.42 22.0 right 0 699.587891817 699.888496876 700.180928946 701.235809803
261 0.3 0.3 1 0.3 0.0271441761659 4.0 0.2 0.42 22.0 right 1 701.25887084 701.55949378 701.852060795 702.831472874
262 0.3 0.3 -1 0.3 0.0164754897244 4.0 0.2 0.42 90.0 right 0 702.854590893 703.15531683 703.447722912 704.669473886
263 0.3 0.3 -1 0.3 0.04472135955 4.0 0.6 0.42 22.0 right 0 704.692595959 704.993261814 705.2857728 706.081842899
264 0.3 0.3 1 0.3 0.0271441761659 4.0 0.8 0.42 22.0 right 1 706.104491949 706.405403852 706.697846889 707.510284901
265 0.3 0.3 -1 0.3 0.04472135955 4.0 0.6 0.42 90.0 right 0 707.533153772 707.8340168 708.126471996 709.139060974
266 0.3 0.3 -1 0.3 0.0736806299728 4.0 0.6 0.42 90.0 right 0 709.162493944 709.463197947 709.755511999 710.885635853
267 0.3 0.3 -1 0.3 0.04472135955 4.0 0.4 0.42 90.0 right 0 710.908490896 711.209359884 711.501837969 712.681634903
268 0.3 0.3 -1 0.3 0.0164754897244 4.0 0.6 0.42 22.0 right 0 712.704746962 713.005747795 713.29816699 714.202238798
269 0.3 0.3 -1 0.3 0.121392446201 4.0 0.6 0.42 22.0 left 1 714.225411892 714.526306868 714.818511963 715.622603893
270 0.3 0.3 1 0.3 0.121392446201 4.0 0.6 0.42 22.0 right 1 715.645708799 715.946475983 716.23900485 717.042711973
271 0.3 0.3 1 0.3 0.04472135955 4.0 0.4 0.42 90.0 right 1 717.066137791 717.366831779 717.659196854 718.538471937
272 0.3 0.3 1 0.3 0.0164754897244 4.0 0.4 0.42 90.0 right 1 718.561550856 718.862416983 719.154801846 720.15070796
273 0.3 0.3 1 0.3 0.121392446201 4.0 0.0 0.42 22.0 right 1 720.173922777 720.474877834 720.767209768 721.78846693
274 0.3 0.3 -1 0.3 0.2 4.0 0.6 0.42 22.0 left 1 721.811585903 722.112279892 722.404677868 723.284164906
275 0.3 0.3 -1 0.3 0.0736806299728 4.0 0.8 0.42 90.0 left 1 723.306989908 723.607994795 723.900383949 725.380930901
276 0.3 0.3 1 0.3 0.121392446201 4.0 0.6 0.42 90.0 left 0 725.404135942 725.705018997 725.997282982 727.018467903
277 0.3 0.3 -1 0.3 0.2 4.0 0.0 0.42 90.0 left 1 727.041679859 727.342598915 727.634946823 728.764816999
278 0.3 0.3 1 0.3 0.2 4.0 0.2 0.42 90.0 right 1 728.787900925 729.088558912 729.381060839 730.285479784
279 0.3 0.3 1 0.3 0.0271441761659 4.0 0.0 0.42 90.0 left 0 730.308500767 730.60918498 730.901658773 731.830891848
280 0.3 0.3 1 0.3 0.0736806299728 4.0 0.8 0.42 22.0 right 1 731.853941917 732.154843807 732.447337866 733.16761899
