Experiment   Time   Size   InitialPhase   Duration   Contrast   Direction   Frequency   Speed   FixationTime   Answer   Correct   
1   0.75   4   0   0.07368   0.42   1   1   4   0.3   right   1   
2   0.633333   4   0   0.12139   0.42   -1   1   4   0.3   left   1   
3   0.75   1   216   0.07368   0.42   1   1   4   0.3   right   1   
4   0.633333   4   288   0.01   0.42   -1   1   4   0.308333   left   1   
5   0.683333   1   0   0.07368   0.42   1   1   4   0.3   right   1   
6   0.516667   4   72   0.2   0.42   -1   1   4   0.3   left   1   
7   0.55   1   144   0.2   0.42   1   1   4   0.3   right   1   
8   0.716667   1   216   0.12139   0.42   1   1   4   0.3   right   1   
9   0.733333   4   72   0.07368   0.42   -1   1   4   0.3   left   1   
10   0.65   1   0   0.2   0.42   1   1   4   0.3   right   1   
11   1.65   1   288   0.01   0.42   1   1   4   0.308333   right   1   
12   0.65   1   0   0.01648   0.42   -1   1   4   0.3   left   1   
13   0.6   1   144   0.04472   0.42   1   1   4   0.3   right   1   
14   0.616667   4   72   0.04472   0.42   -1   1   4   0.3   left   1   
15   0.666667   1   288   0.2   0.42   1   1   4   0.3   right   1   
16   0.7   1   144   0.027144   0.42   -1   1   4   0.3   right   0   
17   0.7   4   288   0.01648   0.42   1   1   4   0.3   right   1   
18   0.633333   1   216   0.07368   0.42   -1   1   4   0.3   left   1   
19   0.733333   1   72   0.01648   0.42   -1   1   4   0.3   right   0   
20   0.75   1   288   0.01648   0.42   -1   1   4   0.3   left   1   
21   0.733333   1   216   0.01648   0.42   1   1   4   0.3   right   1   
22   0.766667   4   216   0.12139   0.42   1   1   4   0.3   right   1   
23   0.666667   4   0   0.04472   0.42   1   1   4   0.3   left   0   
24   0.633333   4   0   0.01648   0.42   -1   1   4   0.3   right   0   
25   0.75   1   0   0.027144   0.42   -1   1   4   0.3   right   0   
26   0.616667   4   72   0.01648   0.42   -1   1   4   0.3   right   0   
27   0.783333   4   72   0.12139   0.42   -1   1   4   0.3   right   0   
28   0.633333   4   72   0.01648   0.42   1   1   4   0.3   left   0   
29   0.733333   1   288   0.04472   0.42   1   1   4   0.3   right   1   
30   0.583333   1   288   0.01648   0.42   1   1   4   0.3   left   0   
31   0.516667   4   144   0.07368   0.42   1   1   4   0.3   left   0   
32   0.616667   4   216   0.027144   0.42   1   1   4   0.3   right   1   
33   0.783333   1   144   0.027144   0.42   1   1   4   0.3   right   1   
34   0.7   4   0   0.07368   0.42   -1   1   4   0.3   left   1   
35   1.43333   1   144   0.01648   0.42   1   1   4   0.3   left   0   
36   0.633333   1   216   0.027144   0.42   -1   1   4   0.3   right   0   
37   0.666667   4   288   0.07368   0.42   1   1   4   0.3   right   1   
38   0.716667   1   72   0.04472   0.42   1   1   4   0.3   right   1   
39   0.683333   4   144   0.04472   0.42   1   1   4   0.3   right   1   
40   0.833333   1   288   0.01   0.42   -1   1   4   0.308333   right   0   
41   0.6   4   288   0.04472   0.42   1   1   4   0.3   left   0   
42   0.716667   4   216   0.01   0.42   -1   1   4   0.308333   right   0   
43   0.983333   4   72   0.12139   0.42   1   1   4   0.3   right   1   
44   0.516667   4   0   0.2   0.42   -1   1   4   0.3   left   1   
45   0.683333   4   0   0.01   0.42   -1   1   4   0.308333   right   0   
46   0.633333   4   0   0.027144   0.42   -1   1   4   0.3   right   0   
47   0.966666   1   144   0.01   0.42   1   1   4   0.308333   right   1   
48   0.616667   4   216   0.01648   0.42   1   1   4   0.3   left   0   
49   0.716667   1   144   0.04472   0.42   -1   1   4   0.3   right   0   
50   0.583333   1   0   0.2   0.42   -1   1   4   0.3   right   0   
51   0.633333   1   144   0.01648   0.42   -1   1   4   0.3   left   1   
52   0.7   4   216   0.04472   0.42   -1   1   4   0.3   right   0   
53   0.616667   4   72   0.027144   0.42   -1   1   4   0.3   left   1   
54   0.716667   4   144   0.12139   0.42   -1   1   4   0.3   left   1   
55   0.883333   1   216   0.027144   0.42   1   1   4   0.3   left   0   
56   0.766667   1   0   0.04472   0.42   1   1   4   0.3   right   1   
57   0.8   4   72   0.04472   0.42   1   1   4   0.3   right   1   
58   0.966666   1   72   0.12139   0.42   1   1   4   0.3   right   1   
59   0.816667   1   0   0.027144   0.42   1   1   4   0.3   right   1   
60   0.55   1   144   0.2   0.42   -1   1   4   0.3   right   0   
61   1.03333   1   216   0.01   0.42   -1   1   4   0.308333   left   1   
62   0.95   4   72   0.027144   0.42   1   1   4   0.3   right   1   
63   0.866666   1   288   0.027144   0.42   -1   1   4   0.3   right   0   
64   0.816667   1   72   0.027144   0.42   -1   1   4   0.3   right   0   
65   0.8   1   216   0.2   0.42   -1   1   4   0.3   left   1   
66   0.8   1   288   0.12139   0.42   -1   1   4   0.3   left   1   
67   0.75   4   72   0.07368   0.42   1   1   4   0.3   right   1   
68   0.85   4   144   0.2   0.42   -1   1   4   0.3   left   1   
69   0.8   1   288   0.027144   0.42   1   1   4   0.3   left   0   
70   0.766667   1   216   0.04472   0.42   -1   1   4   0.3   right   0   
71   0.85   4   288   0.01648   0.42   -1   1   4   0.3   right   0   
72   0.866666   1   72   0.01   0.42   1   1   4   0.308333   right   1   
73   0.783333   4   0   0.01   0.42   1   1   4   0.308333   right   1   
74   0.816667   1   72   0.2   0.42   -1   1   4   0.3   left   1   
75   0.75   4   288   0.2   0.42   1   1   4   0.3   right   1   
76   0.75   4   144   0.027144   0.42   -1   1   4   0.3   left   1   
77   0.816667   4   0   0.027144   0.42   1   1   4   0.3   right   1   
78   0.766667   1   72   0.07368   0.42   -1   1   4   0.3   left   1   
79   0.8   1   144   0.12139   0.42   -1   1   4   0.3   left   1   
80   0.85   1   0   0.01   0.42   -1   1   4   0.308333   left   1   
81   0.733333   4   288   0.04472   0.42   -1   1   4   0.3   right   0   
82   0.733333   4   144   0.027144   0.42   1   1   4   0.3   right   1   
83   0.85   1   72   0.027144   0.42   1   1   4   0.3   left   0   
84   0.85   1   72   0.2   0.42   1   1   4   0.3   right   1   
85   0.933333   1   0   0.01   0.42   1   1   4   0.308333   right   1   
86   0.65   4   216   0.07368   0.42   1   1   4   0.3   left   0   
87   0.866666   1   288   0.07368   0.42   -1   1   4   0.3   left   1   
88   0.783333   4   216   0.01   0.42   1   1   4   0.308333   left   0   
89   0.866666   1   288   0.12139   0.42   1   1   4   0.3   right   1   
90   0.85   1   72   0.01   0.42   -1   1   4   0.308333   right   0   
91   0.716667   1   0   0.12139   0.42   1   1   4   0.3   right   1   
92   0.766667   1   216   0.12139   0.42   -1   1   4   0.3   left   1   
93   0.7   1   72   0.12139   0.42   -1   1   4   0.3   left   1   
94   0.7   1   144   0.07368   0.42   1   1   4   0.3   right   1   
95   0.833333   1   0   0.07368   0.42   -1   1   4   0.3   left   1   
96   0.833333   4   0   0.12139   0.42   1   1   4   0.3   right   1   
97   0.783333   4   216   0.01648   0.42   -1   1   4   0.3   left   1   
98   0.766667   4   216   0.2   0.42   -1   1   4   0.3   left   1   
99   0.866666   4   216   0.12139   0.42   -1   1   4   0.3   left   1   
100   0.716667   4   288   0.07368   0.42   -1   1   4   0.3   left   1   
101   0.866666   4   0   0.01648   0.42   1   1   4   0.3   left   0   
102   0.8   1   72   0.01648   0.42   1   1   4   0.3   right   1   
103   0.816667   4   288   0.2   0.42   -1   1   4   0.3   left   1   
104   0.783333   4   0   0.2   0.42   1   1   4   0.3   right   1   
105   0.9   4   144   0.01648   0.42   1   1   4   0.3   right   1   
106   0.783333   1   216   0.04472   0.42   1   1   4   0.3   left   0   
107   0.883333   4   216   0.07368   0.42   -1   1   4   0.3   right   0   
108   0.933333   4   288   0.027144   0.42   1   1   4   0.3   right   1   
109   0.833333   4   72   0.2   0.42   1   1   4   0.3   right   1   
110   0.733333   4   72   0.01   0.42   1   1   4   0.308333   right   1   
111   0.816667   4   144   0.2   0.42   1   1   4   0.3   right   1   
112   0.75   1   288   0.2   0.42   -1   1   4   0.3   left   1   
113   0.783333   1   288   0.07368   0.42   1   1   4   0.3   right   1   
114   0.916666   4   72   0.01   0.42   -1   1   4   0.308333   left   1   
115   0.883333   1   72   0.04472   0.42   -1   1   4   0.3   left   1   
116   0.9   4   216   0.04472   0.42   1   1   4   0.3   left   0   
117   0.816667   4   144   0.01   0.42   1   1   4   0.308333   left   0   
118   0.783333   4   0   0.04472   0.42   -1   1   4   0.3   left   1   
119   0.933333   1   216   0.01   0.42   1   1   4   0.308333   left   0   
120   0.866666   1   0   0.01648   0.42   1   1   4   0.3   left   0   
121   0.816667   4   288   0.01   0.42   1   1   4   0.308333   left   0   
122   0.783333   1   144   0.07368   0.42   -1   1   4   0.3   left   1   
123   0.766667   4   216   0.2   0.42   1   1   4   0.3   right   1   
124   0.816667   4   144   0.01   0.42   -1   1   4   0.308333   right   0   
125   0.783333   4   144   0.04472   0.42   -1   1   4   0.3   right   0   
126   0.766667   4   144   0.01648   0.42   -1   1   4   0.3   right   0   
127   0.883333   1   0   0.04472   0.42   -1   1   4   0.3   right   0   
128   0.85   1   144   0.01   0.42   -1   1   4   0.308333   right   0   
129   0.766667   1   288   0.04472   0.42   -1   1   4   0.3   right   0   
130   0.833333   1   216   0.01648   0.42   -1   1   4   0.3   right   0   
131   0.883333   4   144   0.12139   0.42   1   1   4   0.3   right   1   
132   0.75   1   0   0.12139   0.42   -1   1   4   0.3   left   1   
133   0.8   4   144   0.07368   0.42   -1   1   4   0.3   left   1   
134   0.8   1   144   0.12139   0.42   1   1   4   0.3   right   1   
135   0.733333   1   216   0.2   0.42   1   1   4   0.3   right   1   
136   0.833333   4   288   0.12139   0.42   1   1   4   0.3   right   1   
137   0.8   4   288   0.027144   0.42   -1   1   4   0.3   right   0   
138   0.8   4   216   0.027144   0.42   -1   1   4   0.3   right   0   
139   0.566667   4   288   0.12139   0.42   -1   1   4   0.3   left   1   
140   0.766667   1   72   0.07368   0.42   1   1   4   0.3   right   1   
141   1.11667   4   288   0.07368   0.42   1   1   4   0.3   right   1   
142   0.833333   4   72   0.07368   0.42   1   1   4   0.3   right   1   
143   1.03333   4   216   0.2   0.42   1   1   4   0.3   right   1   
144   1.11667   4   0   0.07368   0.42   -1   1   4   0.3   right   0   
145   0.833333   1   144   0.027144   0.42   1   1   4   0.3   left   0   
146   0.766667   1   72   0.01648   0.42   1   1   4   0.3   left   0   
147   0.733333   1   216   0.01648   0.42   -1   1   4   0.3   left   1   
148   0.9   4   288   0.12139   0.42   1   1   4   0.3   right   1   
149   0.833333   4   0   0.027144   0.42   -1   1   4   0.3   right   0   
150   1.05   1   288   0.07368   0.42   -1   1   4   0.3   left   1   
151   0.783333   1   216   0.12139   0.42   -1   1   4   0.3   left   1   
152   1.0   4   144   0.01   0.42   1   1   4   0.308333   right   1   
153   1.05   4   0   0.12139   0.42   1   1   4   0.3   right   1   
154   0.866666   4   72   0.04472   0.42   -1   1   4   0.3   right   0   
155   0.983333   4   144   0.027144   0.42   -1   1   4   0.3   left   1   
156   1.16667   4   72   0.07368   0.42   -1   1   4   0.3   left   1   
157   1.01667   4   72   0.01   0.42   1   1   4   0.308333   right   1   
158   0.833333   1   0   0.04472   0.42   -1   1   4   0.3   right   0   
159   1.05   1   0   0.01   0.42   1   1   4   0.308333   left   0   
160   0.833333   1   144   0.12139   0.42   1   1   4   0.3   right   1   
161   0.983333   1   144   0.07368   0.42   -1   1   4   0.3   left   1   
162   1.15   1   72   0.2   0.42   -1   1   4   0.3   left   1   
163   1.11667   1   288   0.04472   0.42   -1   1   4   0.3   left   1   
164   0.9   1   0   0.027144   0.42   1   1   4   0.3   right   1   
165   0.9   1   288   0.2   0.42   1   1   4   0.3   right   1   
166   0.8   1   72   0.027144   0.42   -1   1   4   0.3   right   0   
167   0.933333   1   72   0.12139   0.42   -1   1   4   0.3   left   1   
168   1.01667   4   288   0.01648   0.42   -1   1   4   0.3   right   0   
169   1.01667   4   288   0.2   0.42   -1   1   4   0.3   left   1   
170   1.0   1   216   0.01648   0.42   1   1   4   0.3   left   0   
171   1.06667   4   144   0.07368   0.42   -1   1   4   0.3   left   1   
172   0.783333   4   144   0.2   0.42   1   1   4   0.3   right   1   
173   1.1   1   216   0.01   0.42   1   1   4   0.308333   right   1   
174   0.883333   1   0   0.027144   0.42   -1   1   4   0.3   right   0   
175   0.9   4   144   0.01   0.42   -1   1   4   0.308333   right   0   
176   0.85   4   216   0.01   0.42   -1   1   4   0.308333   right   0   
177   1.11667   4   216   0.01648   0.42   -1   1   4   0.3   left   1   
178   1.06667   1   0   0.01648   0.42   -1   1   4   0.3   left   1   
179   1.05   4   216   0.01   0.42   1   1   4   0.308333   left   0   
180   1.11667   4   288   0.027144   0.42   -1   1   4   0.3   left   1   
181   1.11667   4   144   0.027144   0.42   1   1   4   0.3   left   0   
182   1.36667   4   72   0.01648   0.42   -1   1   4   0.3   left   1   
183   1.41667   4   72   0.04472   0.42   1   1   4   0.3   left   0   
184   1.25   4   288   0.04472   0.42   -1   1   4   0.3   left   1   
185   1.01667   1   144   0.12139   0.42   -1   1   4   0.3   left   1   
186   0.9   4   288   0.01648   0.42   1   1   4   0.3   right   1   
187   0.85   1   0   0.2   0.42   1   1   4   0.3   right   1   
188   0.983333   1   72   0.01   0.42   1   1   4   0.308333   right   1   
189   0.883333   1   288   0.01   0.42   1   1   4   0.308333   right   1   
190   0.8   1   288   0.01648   0.42   -1   1   4   0.3   right   0   
191   1.03333   1   0   0.07368   0.42   -1   1   4   0.3   left   1   
192   0.916666   1   144   0.01648   0.42   -1   1   4   0.3   left   1   
193   0.933333   4   216   0.12139   0.42   -1   1   4   0.3   left   1   
194   1.36667   4   72   0.12139   0.42   1   1   4   0.3   right   1   
195   1.01667   4   144   0.12139   0.42   -1   1   4   0.3   left   1   
196   1.01667   1   72   0.01   0.42   -1   1   4   0.308333   left   1   
197   1.0   4   72   0.01648   0.42   1   1   4   0.3   left   0   
198   1.0   1   288   0.2   0.42   -1   1   4   0.3   left   1   
199   1.0   1   144   0.01   0.42   -1   1   4   0.308333   left   1   
200   0.833333   4   288   0.2   0.42   1   1   4   0.3   right   1   
201   0.983333   1   72   0.12139   0.42   1   1   4   0.3   right   1   
202   0.95   1   144   0.2   0.42   1   1   4   0.3   right   1   
203   1.06667   4   216   0.07368   0.42   -1   1   4   0.3   left   1   
204   0.983333   4   288   0.12139   0.42   -1   1   4   0.3   left   1   
205   0.916666   4   216   0.04472   0.42   1   1   4   0.3   right   1   
206   1.28333   4   288   0.04472   0.42   1   1   4   0.3   right   1   
207   0.85   4   72   0.2   0.42   1   1   4   0.3   right   1   
208   0.866666   4   0   0.01648   0.42   1   1   4   0.3   right   1   
209   1.08333   4   288   0.07368   0.42   -1   1   4   0.3   left   1   
210   0.933333   4   288   0.01   0.42   1   1   4   0.308333   right   1   
211   0.866666   4   0   0.04472   0.42   -1   1   4   0.3   right   0   
212   0.883333   4   72   0.2   0.42   -1   1   4   0.3   left   1   
213   0.9   4   0   0.01648   0.42   -1   1   4   0.3   right   0   
214   0.9   1   0   0.12139   0.42   1   1   4   0.3   right   1   
215   0.916666   1   72   0.2   0.42   1   1   4   0.3   right   1   
216   0.75   1   0   0.01648   0.42   1   1   4   0.3   right   1   
217   1.05   4   144   0.2   0.42   -1   1   4   0.3   left   1   
218   0.916666   1   288   0.12139   0.42   -1   1   4   0.3   left   1   
219   1.06667   4   144   0.04472   0.42   -1   1   4   0.3   left   1   
220   0.816667   1   144   0.04472   0.42   1   1   4   0.3   right   1   
221   0.75   1   216   0.12139   0.42   1   1   4   0.3   right   1   
222   0.8   1   288   0.027144   0.42   -1   1   4   0.3   right   0   
223   0.983333   1   288   0.01   0.42   -1   1   4   0.308333   left   1   
224   0.866666   1   144   0.01648   0.42   1   1   4   0.3   right   1   
225   1.03333   4   72   0.027144   0.42   -1   1   4   0.3   right   0   
226   0.866666   1   0   0.01   0.42   -1   1   4   0.308333   right   0   
227   0.816667   1   72   0.04472   0.42   1   1   4   0.3   right   1   
228   0.85   4   216   0.2   0.42   -1   1   4   0.3   left   1   
229   0.833333   1   288   0.027144   0.42   1   1   4   0.3   left   0   
230   0.8   1   0   0.12139   0.42   -1   1   4   0.3   left   1   
231   0.8   1   216   0.07368   0.42   -1   1   4   0.3   left   1   
232   0.85   4   0   0.01   0.42   -1   1   4   0.308333   right   0   
233   0.783333   1   0   0.07368   0.42   1   1   4   0.3   right   1   
234   1.0   4   288   0.027144   0.42   1   1   4   0.3   left   0   
235   1.0   1   144   0.027144   0.42   -1   1   4   0.3   right   0   
236   0.95   1   144   0.2   0.42   -1   1   4   0.3   left   1   
237   0.85   1   72   0.01648   0.42   -1   1   4   0.3   left   1   
238   0.95   4   0   0.027144   0.42   1   1   4   0.3   left   0   
239   1.0   4   216   0.07368   0.42   1   1   4   0.3   right   1   
240   0.816667   1   72   0.027144   0.42   1   1   4   0.3   right   1   
241   0.816667   1   72   0.07368   0.42   -1   1   4   0.3   left   1   
242   0.85   4   216   0.027144   0.42   1   1   4   0.3   left   0   
243   0.95   1   0   0.2   0.42   -1   1   4   0.3   left   1   
244   0.8   1   216   0.04472   0.42   -1   1   4   0.3   left   1   
245   1.06667   4   72   0.01   0.42   -1   1   4   0.308333   left   1   
246   0.866666   4   0   0.2   0.42   -1   1   4   0.3   left   1   
247   1.11667   4   144   0.04472   0.42   1   1   4   0.3   right   1   
248   0.883333   4   0   0.04472   0.42   1   1   4   0.3   left   0   
249   0.816667   1   288   0.01648   0.42   1   1   4   0.3   left   0   
250   0.816667   1   216   0.01   0.42   -1   1   4   0.308333   right   0   
251   0.95   4   0   0.07368   0.42   1   1   4   0.3   left   0   
252   1.01667   1   72   0.07368   0.42   1   1   4   0.3   right   1   
253   0.883333   1   216   0.027144   0.42   -1   1   4   0.3   right   0   
254   1.05   4   216   0.04472   0.42   -1   1   4   0.3   left   1   
255   1.03333   4   288   0.01   0.42   -1   1   4   0.308333   left   1   
256   1.06667   4   72   0.027144   0.42   1   1   4   0.3   left   0   
257   0.883333   1   288   0.04472   0.42   1   1   4   0.3   left   0   
258   1.03333   4   144   0.07368   0.42   1   1   4   0.3   right   1   
259   1.01667   4   0   0.12139   0.42   -1   1   4   0.3   left   1   
260   1.5   1   144   0.01   0.42   1   1   4   0.308333   left   0   
261   0.85   1   144   0.07368   0.42   1   1   4   0.3   right   1   
262   0.833333   1   216   0.04472   0.42   1   1   4   0.3   right   1   
263   1.26667   4   144   0.01648   0.42   1   1   4   0.3   left   0   
264   1.16667   4   216   0.027144   0.42   -1   1   4   0.3   left   1   
265   0.983333   4   216   0.01648   0.42   1   1   4   0.3   left   0   
266   0.966666   1   216   0.027144   0.42   1   1   4   0.3   left   0   
267   0.933333   4   72   0.12139   0.42   -1   1   4   0.3   left   1   
268   0.866666   1   288   0.07368   0.42   1   1   4   0.3   right   1   
269   0.916666   1   216   0.2   0.42   1   1   4   0.3   right   1   
270   0.883333   4   144   0.12139   0.42   1   1   4   0.3   right   1   
271   0.833333   4   0   0.2   0.42   1   1   4   0.3   right   1   
272   0.716667   4   216   0.12139   0.42   1   1   4   0.3   right   1   
273   0.833333   1   288   0.12139   0.42   1   1   4   0.3   right   1   
274   0.883333   1   144   0.04472   0.42   -1   1   4   0.3   left   1   
275   0.783333   1   216   0.2   0.42   -1   1   4   0.3   left   1   
276   0.916666   4   144   0.01648   0.42   -1   1   4   0.3   left   1   
277   0.833333   1   216   0.07368   0.42   1   1   4   0.3   right   1   
278   0.9   1   72   0.04472   0.42   -1   1   4   0.3   right   0   
279   1.1   4   0   0.01   0.42   1   1   4   0.308333   right   1   
280   0.8   1   0   0.04472   0.42   1   1   4   0.3   right   1   
