trial durationPreFixation durationFixation direction durationGrating duration speed phaseIni contrast size response correct time_onset time_fixation time_stimulus time_response
1 0.3 0.3 -1 0.3 0.121392446201 4.0 0.2 0.42 22.0 left 1 28.8927190304 29.3166670799 29.7286560535 30.9657049179
2 0.3 0.3 -1 0.3 0.0164754897244 4.0 0.2 0.42 22.0 right 0 31.0005760193 31.42446208 31.8366200924 33.2284939289
3 0.3 0.3 -1 0.3 0.04472135955 4.0 0.4 0.42 90.0 left 1 33.2615110874 33.6855659485 34.0976278782 35.7482879162
4 0.3 0.3 1 0.3 0.121392446201 4.0 0.8 0.42 90.0 right 1 35.7816848755 36.2055139542 36.6177079678 37.9620699883
5 0.3 0.3 -1 0.3 0.01 4.0 0.2 0.42 90.0 left 1 37.9954218864 38.419451952 38.8315389156 39.9522418976
6 0.3 0.3 -1 0.3 0.0271441761659 4.0 0.6 0.42 90.0 right 0 39.9856529236 40.4097020626 40.8219249249 42.2252030373
7 0.3 0.3 -1 0.3 0.04472135955 4.0 0.4 0.42 22.0 left 1 42.2702178955 42.6942679882 43.1063189507 44.2269070148
8 0.3 0.3 -1 0.3 0.2 4.0 0.0 0.42 90.0 left 1 44.2604548931 44.6843409538 45.0964820385 47.124119997
9 0.3 0.3 -1 0.3 0.0271441761659 4.0 0.6 0.42 22.0 left 1 47.1571309566 47.5811810493 47.9934620857 49.2437310219
10 0.3 0.3 -1 0.3 0.01 4.0 0.6 0.42 90.0 right 0 49.2770040035 49.7009038925 50.1129870415 51.7049770355
11 0.3 0.3 -1 0.3 0.01 4.0 0.8 0.42 22.0 left 1 51.7381711006 52.1621649265 52.5743739605 53.6010169983
12 0.3 0.3 1 0.3 0.01 4.0 0.0 0.42 90.0 right 1 53.6340789795 54.0580101013 54.4701719284 55.603014946
13 0.3 0.3 -1 0.3 0.121392446201 4.0 0.4 0.42 90.0 left 1 55.6361041069 56.0601129532 56.4720640182 58.0756928921
14 0.3 0.3 1 0.3 0.0271441761659 4.0 0.6 0.42 90.0 left 0 58.1090080738 58.5329499245 58.9451990128 60.1132280827
15 0.3 0.3 -1 0.3 0.0736806299728 4.0 0.4 0.42 22.0 left 1 60.1462090015 60.5701839924 60.9824419022 62.0091750622
16 0.3 0.3 1 0.3 0.2 4.0 0.2 0.42 90.0 right 1 62.0421819687 62.4661269188 62.8783009052 64.4699590206
17 0.3 0.3 -1 0.3 0.0271441761659 4.0 0.8 0.42 90.0 left 1 64.5034170151 64.9272060394 65.3394079208 66.4485120773
18 0.3 0.3 -1 0.3 0.04472135955 4.0 0.0 0.42 22.0 left 1 66.4936170578 66.9175291061 67.3294780254 68.4154260159
19 0.3 0.3 -1 0.3 0.2 4.0 0.2 0.42 90.0 left 1 68.4483230114 68.8722250462 69.2843449116 71.2645320892
20 0.3 0.3 1 0.3 0.121392446201 4.0 0.6 0.42 22.0 right 1 71.2980389595 71.7220079899 72.1342000961 73.3259139061
21 0.3 0.3 -1 0.3 0.0164754897244 4.0 0.8 0.42 90.0 left 1 73.3588778973 73.7828950882 74.1949930191 75.2806310654
22 0.3 0.3 1 0.3 0.2 4.0 0.0 0.42 22.0 right 1 75.3136348724 75.7376220226 76.1498920918 77.3648149967
23 0.3 0.3 1 0.3 0.2 4.0 0.6 0.42 22.0 right 1 77.3981080055 77.8220620155 78.2343220711 79.2846400738
24 0.3 0.3 1 0.3 0.01 4.0 0.0 0.42 22.0 right 1 79.3175480366 79.7415349483 80.1537849903 81.4040470123
25 0.3 0.3 1 0.3 0.121392446201 4.0 0.4 0.42 22.0 right 1 81.4373290539 81.8611719608 82.2733619213 83.7242341042
26 0.3 0.3 -1 0.3 0.0271441761659 4.0 0.4 0.42 22.0 left 1 83.7572360039 84.1811339855 84.5933640003 85.596558094
27 0.3 0.3 1 0.3 0.0271441761659 4.0 0.8 0.42 22.0 right 1 85.6296300888 86.053647995 86.4658069611 87.5040619373
28 0.3 0.3 1 0.3 0.0164754897244 4.0 0.2 0.42 90.0 left 0 87.5490961075 87.9729390144 88.3851048946 89.4235639572
29 0.3 0.3 1 0.3 0.04472135955 4.0 0.4 0.42 90.0 right 1 89.4684278965 89.8923809528 90.3047299385 91.3548328876
30 0.3 0.3 -1 0.3 0.2 4.0 0.8 0.42 90.0 left 1 91.3879799843 91.8120350838 92.2241199017 93.651045084
31 0.3 0.3 -1 0.3 0.0164754897244 4.0 0.0 0.42 22.0 right 0 93.6843230724 94.1082620621 94.5203568935 95.6058828831
32 0.3 0.3 1 0.3 0.2 4.0 0.6 0.42 90.0 left 0 95.6391060352 96.0631539822 96.4752380848 98.1143400669
33 0.3 0.3 -1 0.3 0.2 4.0 0.6 0.42 22.0 left 1 98.1475429535 98.5713250637 98.9835090637 100.080682039
34 0.3 0.3 -1 0.3 0.04472135955 4.0 0.8 0.42 22.0 left 1 100.114016056 100.537908077 100.950251102 102.412349939
35 0.3 0.3 1 0.3 0.121392446201 4.0 0.8 0.42 22.0 right 1 102.445700884 102.869642019 103.281835079 104.355386972
36 0.3 0.3 1 0.3 0.0736806299728 4.0 0.6 0.42 90.0 left 0 104.388803005 104.812653065 105.224843025 106.286566019
37 0.3 0.3 1 0.3 0.04472135955 4.0 0.8 0.42 90.0 right 1 106.319962025 106.744085073 107.15615201 108.383065939
38 0.3 0.3 1 0.3 0.0271441761659 4.0 0.4 0.42 22.0 right 1 108.41625309 108.840214014 109.252374887 111.43292594
39 0.3 0.3 1 0.3 0.04472135955 4.0 0.0 0.42 22.0 right 1 111.466041088 111.890189886 112.302365065 115.295204878
40 0.3 0.3 1 0.3 0.0164754897244 4.0 0.8 0.42 90.0 left 0 115.328783989 115.752526045 116.164882898 117.427038908
41 0.3 0.3 1 0.3 0.2 4.0 0.4 0.42 90.0 left 0 117.460189104 117.884218931 118.296345949 119.546714067
42 0.3 0.3 1 0.3 0.01 4.0 0.2 0.42 22.0 left 0 119.579823971 120.003799915 120.415919065 122.031254053
43 0.3 0.3 1 0.3 0.01 4.0 0.6 0.42 90.0 left 0 122.076304913 122.500268936 122.912472963 124.881311893
44 0.3 0.3 1 0.3 0.04472135955 4.0 0.4 0.42 22.0 right 1 124.914393902 125.338321924 125.750442028 126.835714102
45 0.3 0.3 1 0.3 0.0736806299728 4.0 0.8 0.42 90.0 left 0 126.869226933 127.293247938 127.705327034 128.767374039
46 0.3 0.3 1 0.3 0.121392446201 4.0 0.2 0.42 90.0 left 0 128.800569057 129.22435689 129.636566877 130.686544895
47 0.3 0.3 -1 0.3 0.121392446201 4.0 0.6 0.42 22.0 left 1 130.719971895 131.143863916 131.556017876 132.535439014
48 0.3 0.3 1 0.3 0.0736806299728 4.0 0.8 0.42 22.0 right 1 132.568809986 132.992745876 133.404901028 134.407721996
49 0.3 0.3 -1 0.3 0.121392446201 4.0 0.2 0.42 90.0 left 1 134.441225052 134.865134001 135.277319908 136.351003885
50 0.3 0.3 -1 0.3 0.121392446201 4.0 0.4 0.42 22.0 left 1 136.384335041 136.808264971 137.220421076 138.152631998
51 0.3 0.3 1 0.3 0.01 4.0 0.8 0.42 22.0 left 0 138.185961008 138.609998941 139.022096872 140.142770052
52 0.3 0.3 -1 0.3 0.01 4.0 0.0 0.42 22.0 left 1 140.187799931 140.611756086 141.024097919 142.062288046
53 0.3 0.3 -1 0.3 0.04472135955 4.0 0.2 0.42 22.0 left 1 142.095602989 142.519632101 142.931803942 143.887578011
54 0.3 0.3 -1 0.3 0.121392446201 4.0 0.0 0.42 22.0 left 1 143.920897961 144.344750881 144.757080078 145.877656937
55 0.3 0.3 1 0.3 0.0164754897244 4.0 0.2 0.42 22.0 right 1 145.91099 146.334969997 146.747061014 148.126926899
56 0.3 0.3 1 0.3 0.0164754897244 4.0 0.8 0.42 22.0 left 0 148.160218 148.584089994 148.996268034 150.317363977
57 0.3 0.3 -1 0.3 0.121392446201 4.0 0.6 0.42 90.0 left 1 150.350488901 150.774528027 151.18680191 152.719575882
58 0.3 0.3 1 0.3 0.0736806299728 4.0 0.4 0.42 22.0 right 1 152.752958059 153.176831961 153.589139938 154.568211079
59 0.3 0.3 -1 0.3 0.0271441761659 4.0 0.4 0.42 90.0 left 1 154.601664066 155.025672913 155.437963009 156.735328913
60 0.3 0.3 1 0.3 0.121392446201 4.0 0.0 0.42 90.0 right 1 156.768524885 157.192575932 157.604670048 160.102889061
61 0.3 0.3 -1 0.3 0.0164754897244 4.0 0.8 0.42 22.0 right 0 160.136399031 160.560349941 160.972511053 162.152187109
62 0.3 0.3 1 0.3 0.2 4.0 0.8 0.42 90.0 right 1 162.185554028 162.609373093 163.021593094 165.48488307
63 0.3 0.3 1 0.3 0.121392446201 4.0 0.4 0.42 90.0 left 0 165.518228054 165.942146063 166.354300022 167.486471891
64 0.3 0.3 -1 0.3 0.0164754897244 4.0 0.6 0.42 22.0 left 1 167.520147085 167.943854094 168.356050014 169.382879972
65 0.3 0.3 -1 0.3 0.0164754897244 4.0 0.2 0.42 90.0 right 0 169.415930986 169.839864016 170.251970053 171.325687885
66 0.3 0.3 -1 0.3 0.2 4.0 0.0 0.42 22.0 left 1 171.359037876 171.783047915 172.195165873 172.975046873
67 0.3 0.3 1 0.3 0.0164754897244 4.0 0.4 0.42 90.0 left 0 173.007741928 173.431659937 173.843852997 174.999938965
68 0.3 0.3 -1 0.3 0.0736806299728 4.0 0.4 0.42 90.0 right 0 175.033185005 175.457012892 175.86927104 177.060844898
69 0.3 0.3 -1 0.3 0.04472135955 4.0 0.6 0.42 22.0 left 1 177.093956947 177.517880917 177.930048943 178.921324968
70 0.3 0.3 -1 0.3 0.0164754897244 4.0 0.4 0.42 90.0 right 0 178.954506874 179.378573895 179.790781021 181.064830065
71 0.3 0.3 -1 0.3 0.01 4.0 0.2 0.42 22.0 left 1 181.097887039 181.52186203 181.934073925 183.007652044
72 0.3 0.3 -1 0.3 0.0164754897244 4.0 0.4 0.42 22.0 right 0 183.040896893 183.464794874 183.876981974 185.056364059
73 0.3 0.3 1 0.3 0.01 4.0 0.4 0.42 90.0 left 0 185.089860916 185.513866901 185.926049948 186.987688065
74 0.3 0.3 1 0.3 0.0164754897244 4.0 0.4 0.42 22.0 right 1 187.021220922 187.44508791 187.857203007 188.871733904
75 0.3 0.3 1 0.3 0.0271441761659 4.0 0.2 0.42 90.0 left 0 188.905395985 189.329231977 189.741467953 190.932996988
76 0.3 0.3 1 0.3 0.04472135955 4.0 0.2 0.42 90.0 left 0 190.977885008 191.401951075 191.814088106 192.934659958
77 0.3 0.3 1 0.3 0.0271441761659 4.0 0.8 0.42 90.0 left 0 192.968061924 193.392070055 193.8042171 194.854096889
78 0.3 0.3 -1 0.3 0.0736806299728 4.0 0.0 0.42 90.0 right 0 194.88756299 195.311589003 195.723558903 196.749927998
79 0.3 0.3 -1 0.3 0.01 4.0 0.6 0.42 22.0 left 1 196.783557892 197.207489967 197.619684935 198.704850912
80 0.3 0.3 1 0.3 0.0736806299728 4.0 0.2 0.42 90.0 right 1 198.738257885 199.162133932 199.574445963 200.989656925
81 0.3 0.3 1 0.3 0.0164754897244 4.0 0.6 0.42 90.0 left 0 201.022868872 201.446861029 201.858921051 202.92090106
82 0.3 0.3 -1 0.3 0.121392446201 4.0 0.8 0.42 90.0 right 0 202.954263926 203.378127098 203.790180922 204.887216091
83 0.3 0.3 -1 0.3 0.04472135955 4.0 0.2 0.42 90.0 left 1 204.920737982 205.344651937 205.756822109 206.712496996
84 0.3 0.3 -1 0.3 0.0736806299728 4.0 0.6 0.42 22.0 left 1 206.745968103 207.169945002 207.582206964 208.596656084
85 0.3 0.3 1 0.3 0.2 4.0 0.2 0.42 22.0 right 1 208.630259991 209.054188967 209.466384888 210.199199915
86 0.3 0.3 1 0.3 0.0271441761659 4.0 0.4 0.42 90.0 left 0 210.231697083 210.655602932 211.067881107 212.294348001
87 0.3 0.3 1 0.3 0.0736806299728 4.0 0.6 0.42 22.0 right 1 212.327900887 212.751790047 213.164035082 214.166754007
88 0.3 0.3 -1 0.3 0.2 4.0 0.2 0.42 22.0 left 1 214.200293064 214.624268055 215.036329985 215.992259026
89 0.3 0.3 1 0.3 0.0164754897244 4.0 0.6 0.42 22.0 right 1 216.025599003 216.449479103 216.861593962 217.899919987
90 0.3 0.3 -1 0.3 0.2 4.0 0.8 0.42 22.0 left 1 217.933297873 218.357201099 218.769458055 219.948684931
91 0.3 0.3 -1 0.3 0.0271441761659 4.0 0.2 0.42 22.0 right 0 219.982269049 220.406312943 220.818367004 221.833259106
92 0.3 0.3 -1 0.3 0.0164754897244 4.0 0.0 0.42 90.0 left 1 221.866461992 222.290375948 222.702522039 223.728935957
93 0.3 0.3 -1 0.3 0.01 4.0 0.4 0.42 90.0 right 0 223.762394905 224.186364889 224.598473072 225.766364098
94 0.3 0.3 -1 0.3 0.04472135955 4.0 0.6 0.42 90.0 right 0 225.799680948 226.223587036 226.635678053 228.109500885
95 0.3 0.3 1 0.3 0.121392446201 4.0 0.6 0.42 90.0 right 1 228.143177032 228.567080021 228.979228973 230.300287008
96 0.3 0.3 -1 0.3 0.0736806299728 4.0 0.8 0.42 90.0 left 1 230.345195055 230.769042969 231.181272984 232.231263876
97 0.3 0.3 -1 0.3 0.01 4.0 0.0 0.42 90.0 right 0 232.264705896 232.688634872 233.100840092 234.221424103
98 0.3 0.3 1 0.3 0.04472135955 4.0 0.0 0.42 90.0 left 0 234.254848957 234.678654909 235.09085393 236.093705893
99 0.3 0.3 1 0.3 0.2 4.0 0.0 0.42 90.0 left 0 236.127249002 236.551205873 236.963367939 238.189821959
100 0.3 0.3 1 0.3 0.04472135955 4.0 0.2 0.42 22.0 right 1 238.223330021 238.647362947 239.059516907 240.050458908
101 0.3 0.3 1 0.3 0.0271441761659 4.0 0.2 0.42 22.0 left 0 240.084079027 240.507980108 240.920125961 241.80501008
102 0.3 0.3 -1 0.3 0.121392446201 4.0 0.0 0.42 90.0 left 1 241.838560104 242.262479067 242.674670935 243.724796057
103 0.3 0.3 -1 0.3 0.0736806299728 4.0 0.0 0.42 22.0 left 1 243.758131027 244.182147026 244.594261885 245.514595032
104 0.3 0.3 -1 0.3 0.0736806299728 4.0 0.2 0.42 90.0 left 1 245.548031092 245.971988916 246.384104967 247.292943954
105 0.3 0.3 -1 0.3 0.01 4.0 0.8 0.42 90.0 left 1 247.326329947 247.750081062 248.162345886 249.188587904
106 0.3 0.3 1 0.3 0.0736806299728 4.0 0.4 0.42 90.0 left 0 249.222193956 249.646074057 250.058232069 251.026091099
107 0.3 0.3 1 0.3 0.01 4.0 0.8 0.42 90.0 right 1 251.059227943 251.48308897 251.895396948 252.957020998
108 0.3 0.3 1 0.3 0.01 4.0 0.4 0.42 22.0 right 1 252.990493059 253.414344072 253.826574087 254.899980068
109 0.3 0.3 1 0.3 0.0736806299728 4.0 0.0 0.42 22.0 left 0 254.933578968 255.357462883 255.769613028 256.972882032
110 0.3 0.3 -1 0.3 0.01 4.0 0.4 0.42 22.0 left 1 257.006064892 257.430017948 257.842206955 258.99819088
111 0.3 0.3 1 0.3 0.04472135955 4.0 0.8 0.42 22.0 right 1 259.03173089 259.455504894 259.867745876 260.870846987
112 0.3 0.3 1 0.3 0.04472135955 4.0 0.6 0.42 90.0 left 0 260.903989077 261.327850103 261.740082979 262.813436031
113 0.3 0.3 1 0.3 0.0164754897244 4.0 0.0 0.42 90.0 right 1 262.846971035 263.27087307 263.683042049 264.851023912
114 0.3 0.3 1 0.3 0.0736806299728 4.0 0.0 0.42 90.0 left 0 264.896096945 265.319909096 265.732079029 267.123892069
115 0.3 0.3 -1 0.3 0.2 4.0 0.4 0.42 90.0 left 1 267.15695405 267.58090806 267.993149996 269.584645033
116 0.3 0.3 -1 0.3 0.0271441761659 4.0 0.8 0.42 22.0 left 1 269.618303061 270.042114973 270.454381943 271.810689926
117 0.3 0.3 -1 0.3 0.0164754897244 4.0 0.6 0.42 90.0 right 0 271.855658054 272.279690981 272.691771984 273.906894922
118 0.3 0.3 1 0.3 0.2 4.0 0.8 0.42 22.0 right 1 273.951797962 274.375699997 274.78786397 276.07367301
119 0.3 0.3 1 0.3 0.01 4.0 0.2 0.42 90.0 left 0 276.106869936 276.530812025 276.942878962 278.251868963
120 0.3 0.3 -1 0.3 0.0271441761659 4.0 0.0 0.42 90.0 right 0 278.285393 278.709429979 279.12153697 280.124435902
121 0.3 0.3 -1 0.3 0.04472135955 4.0 0.0 0.42 90.0 left 1 280.157871962 280.581829071 280.993927956 282.444472075
122 0.3 0.3 1 0.3 0.04472135955 4.0 0.6 0.42 22.0 right 1 282.477717876 282.901565075 283.313718081 284.234380007
123 0.3 0.3 1 0.3 0.0164754897244 4.0 0.0 0.42 22.0 right 1 284.267724991 284.691596985 285.103789091 286.012301922
124 0.3 0.3 1 0.3 0.0736806299728 4.0 0.2 0.42 22.0 right 1 286.045751095 286.469759941 286.881864071 287.884694099
125 0.3 0.3 -1 0.3 0.0271441761659 4.0 0.0 0.42 22.0 left 1 287.918226957 288.342135906 288.754432917 290.075126886
126 0.3 0.3 -1 0.3 0.2 4.0 0.4 0.42 22.0 left 1 290.108505964 290.53243494 290.944583893 292.088999033
127 0.3 0.3 -1 0.3 0.0736806299728 4.0 0.6 0.42 90.0 right 0 292.122308016 292.54617691 292.958295107 294.114309072
128 0.3 0.3 -1 0.3 0.0271441761659 4.0 0.2 0.42 90.0 right 0 294.147828102 294.571789026 294.983916044 296.163323879
129 0.3 0.3 1 0.3 0.0271441761659 4.0 0.6 0.42 22.0 right 1 296.196841955 296.620790005 297.032911062 298.000406981
130 0.3 0.3 1 0.3 0.121392446201 4.0 0.0 0.42 22.0 right 1 298.033778906 298.457830906 298.870028973 300.037791967
131 0.3 0.3 -1 0.3 0.121392446201 4.0 0.8 0.42 22.0 left 1 300.071147919 300.494896889 300.907311916 302.051181078
132 0.3 0.3 1 0.3 0.0271441761659 4.0 0.0 0.42 22.0 right 1 302.084788084 302.508738995 302.920907021 303.864896059
133 0.3 0.3 -1 0.3 0.0736806299728 4.0 0.8 0.42 22.0 left 1 303.898247957 304.322262049 304.73428607 305.6196661
134 0.3 0.3 1 0.3 0.2 4.0 0.4 0.42 22.0 right 1 305.652983904 306.076937914 306.489135027 307.444993973
135 0.3 0.3 1 0.3 0.121392446201 4.0 0.2 0.42 22.0 right 1 307.478322983 307.902137041 308.314390898 309.223340988
136 0.3 0.3 -1 0.3 0.0736806299728 4.0 0.2 0.42 22.0 left 1 309.256400108 309.680372 310.092511892 310.9538939
137 0.3 0.3 1 0.3 0.01 4.0 0.6 0.42 22.0 right 1 310.987447023 311.411472082 311.823540926 312.744080067
138 0.3 0.3 1 0.3 0.0271441761659 4.0 0.0 0.42 90.0 left 0 312.77737999 313.201303005 313.613555908 314.710865021
139 0.3 0.3 -1 0.3 0.04472135955 4.0 0.8 0.42 90.0 left 1 314.743982077 315.167866945 315.580143929 316.571271896
140 0.3 0.3 -1 0.3 0.2 4.0 0.6 0.42 90.0 left 1 316.604584932 317.028565884 317.440687895 318.291239977
141 0.3 0.3 -1 0.3 0.121392446201 4.0 0.2 0.42 90.0 left 1 656.519759893 656.943770885 657.355912924 658.582710981
142 0.3 0.3 -1 0.3 0.2 4.0 0.4 0.42 22.0 left 1 658.615942001 659.039839029 659.451961994 660.384129047
143 0.3 0.3 -1 0.3 0.0736806299728 4.0 0.4 0.42 90.0 left 1 660.417638063 660.841568947 661.253823996 662.633229971
144 0.3 0.3 1 0.3 0.04472135955 4.0 0.0 0.42 22.0 right 1 662.666953087 663.090863943 663.503004074 664.505884886
145 0.3 0.3 -1 0.3 0.2 4.0 0.0 0.42 90.0 left 1 664.539335012 664.963167906 665.375366926 666.295732021
146 0.3 0.3 -1 0.3 0.0271441761659 4.0 0.8 0.42 90.0 right 0 666.329267025 666.753185987 667.165395975 668.027025938
147 0.3 0.3 1 0.3 0.0271441761659 4.0 0.2 0.42 90.0 left 0 668.060327053 668.484206915 668.896374941 669.864033937
148 0.3 0.3 -1 0.3 0.121392446201 4.0 0.6 0.42 90.0 left 1 669.897455931 670.321219921 670.733527899 673.608814955
149 0.3 0.3 -1 0.3 0.0736806299728 4.0 0.4 0.42 22.0 left 1 673.642078876 674.066045046 674.478242874 675.422201872
150 0.3 0.3 1 0.3 0.2 4.0 0.6 0.42 90.0 right 1 675.455578089 675.879441023 676.291723967 677.176758051
151 0.3 0.3 1 0.3 0.121392446201 4.0 0.2 0.42 90.0 left 0 677.210263014 677.63418889 678.046281099 679.002177954
152 0.3 0.3 1 0.3 0.01 4.0 0.4 0.42 22.0 right 1 679.035569906 679.459393978 679.87156105 680.850929976
153 0.3 0.3 -1 0.3 0.121392446201 4.0 0.2 0.42 22.0 left 1 680.884353876 681.308296919 681.720344067 682.417385101
154 0.3 0.3 -1 0.3 0.121392446201 4.0 0.0 0.42 22.0 left 1 682.450587034 682.874514103 683.28669095 684.065955877
155 0.3 0.3 -1 0.3 0.01 4.0 0.2 0.42 22.0 right 0 684.099225044 684.523151875 684.935303926 685.761498928
156 0.3 0.3 1 0.3 0.2 4.0 0.4 0.42 90.0 right 1 685.794935942 686.218816996 686.631017923 687.481759071
157 0.3 0.3 -1 0.3 0.0271441761659 4.0 0.0 0.42 22.0 left 1 687.514286995 687.938184977 688.350445032 689.212043047
158 0.3 0.3 1 0.3 0.04472135955 4.0 0.8 0.42 90.0 left 0 689.245306969 689.669229984 690.081429005 691.555382013
159 0.3 0.3 -1 0.3 0.04472135955 4.0 0.6 0.42 22.0 left 1 691.588695049 692.012686968 692.424788952 693.298887968
160 0.3 0.3 -1 0.3 0.2 4.0 0.6 0.42 90.0 left 1 693.331665039 693.755517006 694.167708874 695.135475874
161 0.3 0.3 1 0.3 0.0736806299728 4.0 0.8 0.42 90.0 left 0 695.168847084 695.592665911 696.004836082 696.9135499
162 0.3 0.3 -1 0.3 0.01 4.0 0.6 0.42 22.0 left 1 696.946964025 697.370927095 697.782922983 698.66849494
163 0.3 0.3 1 0.3 0.0271441761659 4.0 0.0 0.42 90.0 left 0 698.701453924 699.125412941 699.537573099 700.387279987
164 0.3 0.3 -1 0.3 0.0271441761659 4.0 0.4 0.42 90.0 right 0 700.420743942 700.844822884 701.256977081 702.69570303
165 0.3 0.3 1 0.3 0.2 4.0 0.2 0.42 22.0 right 1 702.72896409 703.152945995 703.565094948 704.544203043
166 0.3 0.3 1 0.3 0.04472135955 4.0 0.2 0.42 90.0 left 0 704.577847958 705.001692057 705.413899899 706.311093092
167 0.3 0.3 1 0.3 0.0271441761659 4.0 0.8 0.42 22.0 right 1 706.344110012 706.768128872 707.180162907 707.994523048
168 0.3 0.3 -1 0.3 0.04472135955 4.0 0.2 0.42 22.0 left 1 708.028132915 708.452114105 708.864159107 709.643476009
169 0.3 0.3 -1 0.3 0.01 4.0 0.8 0.42 90.0 left 1 709.676843882 710.100747108 710.512867928 711.586340904
170 0.3 0.3 1 0.3 0.0164754897244 4.0 0.4 0.42 90.0 right 1 711.619808912 712.04360795 712.455897093 713.340938091
171 0.3 0.3 -1 0.3 0.01 4.0 0.0 0.42 90.0 left 1 713.374466896 713.798326015 714.210587025 715.142772913
172 0.3 0.3 1 0.3 0.0736806299728 4.0 0.4 0.42 22.0 right 1 715.176167965 715.600091934 716.01228404 716.897667885
173 0.3 0.3 1 0.3 0.0164754897244 4.0 0.0 0.42 90.0 left 0 716.930870056 717.354746103 717.766985893 718.698987007
174 0.3 0.3 1 0.3 0.04472135955 4.0 0.4 0.42 90.0 left 0 718.732632875 719.156541109 719.568705082 720.465499878
175 0.3 0.3 1 0.3 0.01 4.0 0.8 0.42 22.0 left 0 720.498892069 720.922884941 721.335037947 722.220211029
176 0.3 0.3 1 0.3 0.2 4.0 0.4 0.42 22.0 right 1 722.253597021 722.67749095 723.089749098 723.951014996
177 0.3 0.3 1 0.3 0.0271441761659 4.0 0.8 0.42 90.0 left 0 723.984608889 724.408571005 724.82070303 725.694039106
178 0.3 0.3 1 0.3 0.0164754897244 4.0 0.6 0.42 90.0 right 1 725.727449894 726.151453018 726.563453913 727.566301107
179 0.3 0.3 1 0.3 0.04472135955 4.0 0.6 0.42 22.0 right 1 727.599891901 728.023881912 728.436032057 729.297422886
180 0.3 0.3 1 0.3 0.01 4.0 0.4 0.42 90.0 left 0 729.330970049 729.754904985 730.167051077 731.040569067
181 0.3 0.3 1 0.3 0.0736806299728 4.0 0.2 0.42 90.0 right 1 731.07387495 731.497829914 731.909972906 732.877796888
182 0.3 0.3 -1 0.3 0.01 4.0 0.8 0.42 22.0 left 1 732.922640085 733.346672058 733.758842945 734.655683994
183 0.3 0.3 -1 0.3 0.04472135955 4.0 0.0 0.42 90.0 right 0 734.68899703 735.112878084 735.525127888 736.42235899
184 0.3 0.3 -1 0.3 0.121392446201 4.0 0.8 0.42 22.0 left 1 736.455538034 736.879438877 737.291605949 738.200226068
185 0.3 0.3 1 0.3 0.0736806299728 4.0 0.0 0.42 22.0 right 1 738.233696938 738.657576084 739.06971693 739.943162918
186 0.3 0.3 -1 0.3 0.0164754897244 4.0 0.8 0.42 22.0 left 1 739.976469994 740.400407076 740.81250596 741.651118994
187 0.3 0.3 1 0.3 0.2 4.0 0.8 0.42 90.0 right 1 741.684016943 742.107872963 742.520139933 743.393574953
188 0.3 0.3 1 0.3 0.0164754897244 4.0 0.2 0.42 90.0 left 0 743.42688489 743.850909948 744.263016939 745.030497074
189 0.3 0.3 1 0.3 0.0271441761659 4.0 0.0 0.42 22.0 right 1 745.063755035 745.48775506 745.899796009 746.784920931
190 0.3 0.3 -1 0.3 0.04472135955 4.0 0.0 0.42 22.0 left 1 746.818237066 747.242243052 747.654434919 748.516290903
191 0.3 0.3 -1 0.3 0.0271441761659 4.0 0.2 0.42 22.0 right 0 748.549504042 748.973448992 749.385457039 750.164911985
192 0.3 0.3 -1 0.3 0.2 4.0 0.6 0.42 22.0 left 1 750.198134899 750.622050047 751.034249067 751.942831039
193 0.3 0.3 -1 0.3 0.121392446201 4.0 0.6 0.42 22.0 left 1 751.976361036 752.400168896 752.812382936 753.791657925
194 0.3 0.3 1 0.3 0.0736806299728 4.0 0.4 0.42 90.0 right 1 753.825177908 754.249002934 754.661175013 755.876045942
195 0.3 0.3 -1 0.3 0.0164754897244 4.0 0.2 0.42 22.0 left 1 755.909379959 756.333435059 756.745533943 757.784029007
196 0.3 0.3 -1 0.3 0.0164754897244 4.0 0.4 0.42 90.0 left 1 757.817219019 758.241180897 758.653347969 759.797224998
197 0.3 0.3 -1 0.3 0.2 4.0 0.8 0.42 90.0 left 1 759.830954075 760.254855871 760.666913033 761.622884989
198 0.3 0.3 1 0.3 0.04472135955 4.0 0.6 0.42 90.0 left 0 761.656125069 762.080022097 762.492296934 763.671927929
199 0.3 0.3 1 0.3 0.121392446201 4.0 0.6 0.42 90.0 right 1 763.705290079 764.129218102 764.541275024 765.708995104
200 0.3 0.3 -1 0.3 0.0271441761659 4.0 0.4 0.42 22.0 left 1 765.742518902 766.166280031 766.578557014 767.475661039
201 0.3 0.3 -1 0.3 0.0271441761659 4.0 0.6 0.42 90.0 right 0 767.508836985 767.932759047 768.344876051 769.54825592
202 0.3 0.3 -1 0.3 0.01 4.0 0.4 0.42 22.0 left 1 769.581397057 770.005377054 770.417452097 771.550195932
203 0.3 0.3 1 0.3 0.2 4.0 0.0 0.42 22.0 right 1 771.58345294 772.00740695 772.419478893 773.434271097
204 0.3 0.3 -1 0.3 0.0164754897244 4.0 0.0 0.42 22.0 left 1 773.46745801 773.89140296 774.303519964 775.271403074
205 0.3 0.3 -1 0.3 0.01 4.0 0.0 0.42 22.0 left 1 775.304584026 775.728504896 776.14070797 777.756238937
206 0.3 0.3 1 0.3 0.121392446201 4.0 0.0 0.42 90.0 right 1 777.789334059 778.213186026 778.625375986 779.757697105
207 0.3 0.3 1 0.3 0.0736806299728 4.0 0.0 0.42 90.0 left 0 779.791230917 780.215205908 780.627398014 782.383918047
208 0.3 0.3 -1 0.3 0.0736806299728 4.0 0.2 0.42 90.0 left 1 782.417248011 782.841330051 783.253453016 785.221683025
209 0.3 0.3 -1 0.3 0.0164754897244 4.0 0.6 0.42 22.0 left 1 785.255204916 785.679267883 786.091451883 787.200597048
210 0.3 0.3 1 0.3 0.0164754897244 4.0 0.2 0.42 22.0 left 0 787.233640909 787.657527924 788.069771051 789.273003101
211 0.3 0.3 1 0.3 0.0271441761659 4.0 0.6 0.42 90.0 left 0 789.306299925 789.730221033 790.142441988 791.49879694
212 0.3 0.3 -1 0.3 0.04472135955 4.0 0.8 0.42 22.0 left 1 791.531991005 791.955866098 792.368081093 793.406267881
213 0.3 0.3 1 0.3 0.121392446201 4.0 0.0 0.42 22.0 right 1 793.43966198 793.86353898 794.275723934 795.220345974
214 0.3 0.3 1 0.3 0.0164754897244 4.0 0.8 0.42 90.0 left 0 795.26500988 795.688874006 796.100980997 797.445713043
215 0.3 0.3 1 0.3 0.01 4.0 0.0 0.42 22.0 right 1 797.478796959 797.902718067 798.314990044 799.30625701
216 0.3 0.3 1 0.3 0.121392446201 4.0 0.4 0.42 22.0 right 1 799.339430094 799.763387918 800.175592899 801.178481102
217 0.3 0.3 -1 0.3 0.04472135955 4.0 0.6 0.42 90.0 left 1 801.21181488 801.635854006 802.048016071 803.085952044
218 0.3 0.3 1 0.3 0.01 4.0 0.0 0.42 90.0 right 1 803.11947298 803.543554068 803.9557271 804.958616018
219 0.3 0.3 -1 0.3 0.2 4.0 0.0 0.42 22.0 left 1 804.991956949 805.415786028 805.827955961 807.03113389
220 0.3 0.3 -1 0.3 0.0736806299728 4.0 0.6 0.42 90.0 left 1 807.06459403 807.488522053 807.900660038 808.974279881
221 0.3 0.3 -1 0.3 0.121392446201 4.0 0.0 0.42 90.0 left 1 809.007505894 809.431459904 809.843628883 810.917159081
222 0.3 0.3 1 0.3 0.04472135955 4.0 0.4 0.42 22.0 right 1 810.950624943 811.374464035 811.786766052 813.013428926
223 0.3 0.3 1 0.3 0.2 4.0 0.2 0.42 90.0 right 1 813.046813965 813.470752954 813.882900953 814.909132004
224 0.3 0.3 -1 0.3 0.01 4.0 0.4 0.42 90.0 left 1 814.942692041 815.366620064 815.778723001 816.746526003
225 0.3 0.3 -1 0.3 0.0164754897244 4.0 0.2 0.42 90.0 right 0 816.779828072 817.203748941 817.615921021 818.536375046
226 0.3 0.3 1 0.3 0.0271441761659 4.0 0.6 0.42 22.0 left 0 818.569845915 818.993700981 819.405869007 820.420336008
227 0.3 0.3 -1 0.3 0.0164754897244 4.0 0.4 0.42 22.0 left 1 820.45392704 820.877860069 821.290028095 822.339843035
228 0.3 0.3 -1 0.3 0.04472135955 4.0 0.8 0.42 90.0 left 1 822.373286963 822.797224998 823.209496021 824.177198887
229 0.3 0.3 -1 0.3 0.0736806299728 4.0 0.8 0.42 90.0 left 1 824.21043396 824.634419918 825.046480894 826.026000023
230 0.3 0.3 -1 0.3 0.04472135955 4.0 0.4 0.42 90.0 left 1 826.059262991 826.483202934 826.895305872 827.803991079
231 0.3 0.3 1 0.3 0.121392446201 4.0 0.8 0.42 22.0 right 1 827.837331057 828.261483908 828.673655033 829.617637873
232 0.3 0.3 -1 0.3 0.0271441761659 4.0 0.8 0.42 22.0 left 1 829.650996923 830.07497406 830.487122059 831.372041941
233 0.3 0.3 -1 0.3 0.0164754897244 4.0 0.0 0.42 90.0 right 0 831.405548096 831.829552889 832.241595984 833.444602013
234 0.3 0.3 -1 0.3 0.2 4.0 0.2 0.42 22.0 left 1 833.478193998 833.902025938 834.314220905 835.340506077
235 0.3 0.3 1 0.3 0.01 4.0 0.8 0.42 90.0 right 1 835.374147892 835.798106909 836.210122108 837.130790949
236 0.3 0.3 1 0.3 0.121392446201 4.0 0.6 0.42 22.0 right 1 837.163987875 837.587949038 838.000071049 838.920933962
237 0.3 0.3 -1 0.3 0.04472135955 4.0 0.2 0.42 90.0 left 1 838.954056025 839.378041983 839.790188074 840.651743889
238 0.3 0.3 -1 0.3 0.121392446201 4.0 0.4 0.42 22.0 left 1 840.685097933 841.108933926 841.521080971 842.653991938
239 0.3 0.3 1 0.3 0.121392446201 4.0 0.8 0.42 90.0 right 1 842.687037945 843.110943079 843.523004055 844.549601078
240 0.3 0.3 1 0.3 0.01 4.0 0.2 0.42 22.0 left 0 844.582951069 845.006857872 845.419044018 846.339476109
241 0.3 0.3 1 0.3 0.0736806299728 4.0 0.2 0.42 22.0 right 1 846.373042107 846.796853065 847.209002972 848.023591042
242 0.3 0.3 1 0.3 0.0164754897244 4.0 0.4 0.42 22.0 left 0 848.056871891 848.480841875 848.892946005 849.695637941
243 0.3 0.3 1 0.3 0.0164754897244 4.0 0.0 0.42 22.0 right 1 849.729077101 850.152975082 850.56516099 851.332550049
244 0.3 0.3 -1 0.3 0.0271441761659 4.0 0.6 0.42 22.0 left 1 851.365864992 851.789880037 852.201975107 852.957803011
245 0.3 0.3 1 0.3 0.0164754897244 4.0 0.6 0.42 22.0 right 1 852.991065979 853.414915085 853.827116013 854.606245995
246 0.3 0.3 1 0.3 0.01 4.0 0.6 0.42 22.0 right 1 854.639765978 855.063555002 855.475733995 856.290554047
247 0.3 0.3 -1 0.3 0.0271441761659 4.0 0.0 0.42 90.0 right 0 856.335476875 856.759325981 857.171519995 858.115530968
248 0.3 0.3 1 0.3 0.04472135955 4.0 0.0 0.42 90.0 right 1 858.148890972 858.572810888 858.985004902 859.81107688
249 0.3 0.3 1 0.3 0.0271441761659 4.0 0.2 0.42 22.0 right 1 859.844603062 860.268548965 860.680849075 861.506881952
250 0.3 0.3 -1 0.3 0.0271441761659 4.0 0.2 0.42 90.0 right 0 861.54054594 861.964394093 862.376542091 863.308742046
251 0.3 0.3 -1 0.3 0.0736806299728 4.0 0.2 0.42 22.0 left 1 863.342185974 863.76609993 864.178335905 865.169853926
252 0.3 0.3 1 0.3 0.01 4.0 0.2 0.42 90.0 left 0 865.202833891 865.626777887 866.038953066 867.018398046
253 0.3 0.3 1 0.3 0.0736806299728 4.0 0.6 0.42 22.0 right 1 867.063392878 867.487323999 867.899482965 868.749586105
254 0.3 0.3 1 0.3 0.121392446201 4.0 0.2 0.42 22.0 right 1 868.782743931 869.20659399 869.618799925 870.551157951
255 0.3 0.3 -1 0.3 0.2 4.0 0.8 0.42 22.0 left 1 870.584456921 871.008388042 871.420495987 872.21252203
256 0.3 0.3 1 0.3 0.2 4.0 0.0 0.42 90.0 right 1 872.244930983 872.66892004 873.081063986 873.861119032
257 0.3 0.3 1 0.3 0.121392446201 4.0 0.4 0.42 90.0 right 1 873.893601894 874.317430973 874.729583025 875.897634983
258 0.3 0.3 1 0.3 0.01 4.0 0.6 0.42 90.0 right 1 875.930829048 876.354798079 876.766840935 877.911264896
259 0.3 0.3 -1 0.3 0.0736806299728 4.0 0.0 0.42 90.0 left 1 877.944521904 878.368442059 878.78056407 879.571294069
260 0.3 0.3 1 0.3 0.2 4.0 0.6 0.42 22.0 right 1 879.604943037 880.028692007 880.44105196 881.232729912
261 0.3 0.3 -1 0.3 0.0736806299728 4.0 0.6 0.42 22.0 left 1 881.265341043 881.689322948 882.101479053 882.939562082
262 0.3 0.3 -1 0.3 0.0164754897244 4.0 0.8 0.42 90.0 right 0 882.972836018 883.396820068 883.808955908 884.659136057
263 0.3 0.3 1 0.3 0.04472135955 4.0 0.2 0.42 22.0 right 1 884.692128897 885.116034985 885.52828598 886.35422802
264 0.3 0.3 1 0.3 0.0271441761659 4.0 0.4 0.42 22.0 right 1 886.387971878 886.8118999 887.224030972 888.097218037
265 0.3 0.3 1 0.3 0.2 4.0 0.8 0.42 22.0 right 1 888.130690098 888.554644108 888.966844082 889.6768291
266 0.3 0.3 1 0.3 0.0164754897244 4.0 0.8 0.42 22.0 left 0 889.708777905 890.132723093 890.544871092 891.559619904
267 0.3 0.3 -1 0.3 0.0736806299728 4.0 0.8 0.42 22.0 left 1 891.592859983 892.016768932 892.428943872 893.266928911
268 0.3 0.3 -1 0.3 0.2 4.0 0.2 0.42 90.0 left 1 893.300344944 893.724276066 894.136456013 894.963854074
269 0.3 0.3 -1 0.3 0.01 4.0 0.6 0.42 90.0 right 0 894.99626708 895.420150042 895.832334042 896.776298046
270 0.3 0.3 1 0.3 0.0736806299728 4.0 0.8 0.42 22.0 right 1 896.809730053 897.233648062 897.645642996 898.483700037
271 0.3 0.3 1 0.3 0.0736806299728 4.0 0.6 0.42 90.0 right 1 898.517272949 898.941129923 899.353321075 900.297466993
272 0.3 0.3 -1 0.3 0.0736806299728 4.0 0.0 0.42 22.0 left 1 900.342535019 900.766473055 901.178648949 902.016602039
273 0.3 0.3 -1 0.3 0.0164754897244 4.0 0.6 0.42 90.0 right 0 902.050076962 902.473953962 902.886131048 903.747555017
274 0.3 0.3 -1 0.3 0.04472135955 4.0 0.4 0.42 22.0 left 1 903.781096935 904.205067873 904.617146969 905.513825893
275 0.3 0.3 -1 0.3 0.121392446201 4.0 0.4 0.42 90.0 right 0 905.547400951 905.971354961 906.383548021 907.303874016
276 0.3 0.3 1 0.3 0.0271441761659 4.0 0.4 0.42 90.0 left 0 907.337532997 907.761437893 908.173583984 909.023587942
277 0.3 0.3 -1 0.3 0.01 4.0 0.2 0.42 90.0 right 0 909.056732893 909.480594873 909.892838955 910.754479885
278 0.3 0.3 1 0.3 0.04472135955 4.0 0.8 0.42 22.0 right 1 910.787810087 911.21184206 911.623956919 912.638580084
279 0.3 0.3 -1 0.3 0.2 4.0 0.4 0.42 90.0 left 1 912.6720469 913.095988035 913.50808692 914.393172979
280 0.3 0.3 -1 0.3 0.121392446201 4.0 0.8 0.42 90.0 left 1 914.426573992 914.850471973 915.262702942 916.065212965
