trial durationPreFixation durationFixation direction durationGrating duration speed phaseIni contrast size response correct time_onset time_fixation time_stimulus time_response
1 0.3 0.3 1 0.3 0.01 4.0 0.2 0.42 22.0 right 1 28.8340051174 29.2579329014 29.6700680256 30.9536850452
2 0.3 0.3 -1 0.3 0.0271441761659 4.0 0.8 0.42 90.0 right 0 30.9889030457 31.4128730297 31.8249709606 32.9223489761
3 0.3 0.3 1 0.3 0.121392446201 4.0 0.8 0.42 22.0 right 1 32.955436945 33.3795619011 33.7917840481 34.6768679619
4 0.3 0.3 -1 0.3 0.04472135955 4.0 0.0 0.42 90.0 right 0 34.7100479603 35.1340079308 35.5462141037 37.5500109196
5 0.3 0.3 1 0.3 0.0271441761659 4.0 0.0 0.42 22.0 right 1 37.5835299492 38.0074019432 38.41968894 39.3164310455
6 0.3 0.3 1 0.3 0.0271441761659 4.0 0.4 0.42 22.0 right 1 39.3499999046 39.7738609314 40.1859838963 41.2359418869
7 0.3 0.3 -1 0.3 0.0736806299728 4.0 0.6 0.42 22.0 left 1 41.2694149017 41.6932549477 42.1054980755 42.9199841022
8 0.3 0.3 -1 0.3 0.0164754897244 4.0 0.4 0.42 22.0 right 0 42.9533679485 43.3772809505 43.7893910408 44.8750269413
9 0.3 0.3 -1 0.3 0.2 4.0 0.4 0.42 22.0 left 1 44.9082090855 45.3321349621 45.7442851067 46.7239940166
10 0.3 0.3 -1 0.3 0.121392446201 4.0 0.2 0.42 90.0 right 0 46.7569859028 47.1809689999 47.5931019783 48.7378280163
11 0.3 0.3 1 0.3 0.2 4.0 0.6 0.42 22.0 right 1 48.7708420753 49.1947319508 49.6070020199 50.3752040863
12 0.3 0.3 1 0.3 0.04472135955 4.0 0.6 0.42 22.0 right 1 50.4076509476 50.8316440582 51.243680954 52.9885458946
13 0.3 0.3 -1 0.3 0.01 4.0 0.2 0.42 90.0 right 0 53.0217540264 53.4459199905 53.8579280376 54.9314939976
14 0.3 0.3 -1 0.3 0.04472135955 4.0 0.4 0.42 90.0 left 1 54.9650030136 55.3888919353 55.8010621071 57.004347086
15 0.3 0.3 1 0.3 0.2 4.0 0.0 0.42 22.0 right 1 57.037391901 57.461329937 57.8735470772 58.7709579468
16 0.3 0.3 1 0.3 0.04472135955 4.0 0.4 0.42 90.0 right 1 58.8040308952 59.2278289795 59.6399788857 60.7488980293
17 0.3 0.3 -1 0.3 0.04472135955 4.0 0.6 0.42 90.0 right 0 60.7823019028 61.2061140537 61.6183218956 62.845058918
18 0.3 0.3 1 0.3 0.2 4.0 0.0 0.42 90.0 right 1 62.8785009384 63.3023331165 63.714566946 64.6937949657
19 0.3 0.3 1 0.3 0.0736806299728 4.0 0.8 0.42 90.0 right 1 64.727257967 65.1511421204 65.5633430481 66.613902092
20 0.3 0.3 1 0.3 0.2 4.0 0.2 0.42 90.0 right 1 66.6468780041 67.0708088875 67.4828369617 68.2514839172
21 0.3 0.3 1 0.3 0.04472135955 4.0 0.2 0.42 90.0 right 1 68.2837059498 68.7076818943 69.1196761131 70.0874741077
22 0.3 0.3 -1 0.3 0.04472135955 4.0 0.2 0.42 22.0 left 1 70.1207249165 70.5446310043 70.9568080902 71.8419380188
23 0.3 0.3 1 0.3 0.04472135955 4.0 0.0 0.42 22.0 right 1 71.8752191067 72.2992589474 72.7113978863 73.5968630314
24 0.3 0.3 1 0.3 0.04472135955 4.0 0.6 0.42 90.0 right 1 73.6299359798 74.0539660454 74.4660949707 75.5162000656
25 0.3 0.3 -1 0.3 0.01 4.0 0.8 0.42 90.0 right 0 75.5495049953 75.9733350277 76.3855500221 77.3299670219
26 0.3 0.3 -1 0.3 0.01 4.0 0.6 0.42 22.0 left 1 77.362858057 77.7867670059 78.1989839077 79.4495360851
27 0.3 0.3 1 0.3 0.0164754897244 4.0 0.4 0.42 22.0 right 1 79.4825708866 79.906457901 80.3187279701 81.6632618904
28 0.3 0.3 -1 0.3 0.0736806299728 4.0 0.8 0.42 90.0 left 1 81.696491003 82.1203899384 82.5326969624 83.7358670235
29 0.3 0.3 -1 0.3 0.0271441761659 4.0 0.2 0.42 22.0 left 1 83.7691791058 84.1929979324 84.605134964 85.4430010319
30 0.3 0.3 1 0.3 0.0271441761659 4.0 0.6 0.42 90.0 left 0 85.4766209126 85.900662899 86.3127689362 87.2333269119
31 0.3 0.3 1 0.3 0.0271441761659 4.0 0.2 0.42 22.0 right 1 87.2666110992 87.6905128956 88.1026990414 88.9883580208
32 0.3 0.3 1 0.3 0.01 4.0 0.6 0.42 22.0 right 1 89.0213260651 89.4452369213 89.8573579788 90.9543340206
33 0.3 0.3 1 0.3 0.0736806299728 4.0 0.0 0.42 22.0 right 1 90.9878349304 91.4117050171 91.8237950802 92.733068943
34 0.3 0.3 -1 0.3 0.04472135955 4.0 0.2 0.42 90.0 left 1 92.7659869194 93.1899468899 93.6020600796 94.5345249176
35 0.3 0.3 1 0.3 0.121392446201 4.0 0.6 0.42 90.0 right 1 94.5678129196 94.9917619228 95.4037659168 96.2891879082
36 0.3 0.3 1 0.3 0.0271441761659 4.0 0.8 0.42 90.0 left 0 96.322273016 96.7463040352 97.1584439278 98.1495809555
37 0.3 0.3 -1 0.3 0.2 4.0 0.0 0.42 22.0 left 1 98.1829090118 98.6069340706 99.0191230774 100.010051966
38 0.3 0.3 -1 0.3 0.2 4.0 0.8 0.42 90.0 left 1 100.04353404 100.467526913 100.879609108 101.906061888
39 0.3 0.3 1 0.3 0.0164754897244 4.0 0.0 0.42 90.0 left 0 101.93955493 102.363565922 102.775722027 103.684180975
40 0.3 0.3 -1 0.3 0.0271441761659 4.0 0.6 0.42 90.0 right 0 103.717670918 104.14162612 104.5537889 105.544943094
41 0.3 0.3 -1 0.3 0.0736806299728 4.0 0.4 0.42 22.0 left 1 105.578243017 106.002273083 106.414460897 107.228936911
42 0.3 0.3 -1 0.3 0.0736806299728 4.0 0.0 0.42 22.0 left 1 107.262362957 107.686243057 108.098443985 108.948748112
43 0.3 0.3 -1 0.3 0.121392446201 4.0 0.8 0.42 22.0 left 1 108.981659889 109.405500889 109.817620039 110.690841913
44 0.3 0.3 -1 0.3 0.04472135955 4.0 0.8 0.42 90.0 right 0 110.724486113 111.148354053 111.560578108 112.657696009
45 0.3 0.3 1 0.3 0.0736806299728 4.0 0.6 0.42 22.0 right 1 112.691004992 113.115009069 113.527108908 114.306216002
46 0.3 0.3 -1 0.3 0.0736806299728 4.0 0.2 0.42 90.0 left 1 114.339690924 114.763616085 115.175776005 116.013755083
47 0.3 0.3 1 0.3 0.0271441761659 4.0 0.4 0.42 90.0 left 0 116.047197104 116.471064091 116.883265018 117.922028065
48 0.3 0.3 -1 0.3 0.01 4.0 0.2 0.42 22.0 left 1 117.95479393 118.378839016 118.791124105 120.041311979
49 0.3 0.3 -1 0.3 0.0271441761659 4.0 0.2 0.42 90.0 right 0 120.086462021 120.510349035 120.922506094 121.760608912
50 0.3 0.3 1 0.3 0.01 4.0 0.2 0.42 90.0 right 1 121.79381299 122.217797041 122.62994194 123.480007887
51 0.3 0.3 -1 0.3 0.0164754897244 4.0 0.2 0.42 22.0 left 1 123.513215065 123.937243938 124.349415064 125.258024931
52 0.3 0.3 -1 0.3 0.0736806299728 4.0 0.8 0.42 22.0 left 1 125.291358948 125.715203047 126.127393961 127.153913975
53 0.3 0.3 1 0.3 0.121392446201 4.0 0.2 0.42 22.0 right 1 127.1873281 127.611287117 128.023503065 128.873192072
54 0.3 0.3 -1 0.3 0.2 4.0 0.4 0.42 90.0 left 1 128.906728029 129.330660105 129.742752075 130.686774015
55 0.3 0.3 1 0.3 0.121392446201 4.0 0.4 0.42 22.0 right 1 130.720155001 131.144192934 131.55629611 132.359046936
56 0.3 0.3 1 0.3 0.0164754897244 4.0 0.4 0.42 90.0 left 0 132.39243412 132.816400051 133.228553057 134.066562891
57 0.3 0.3 1 0.3 0.0271441761659 4.0 0.2 0.42 90.0 left 0 134.09991312 134.523792028 134.935908079 136.633483887
58 0.3 0.3 1 0.3 0.01 4.0 0.0 0.42 90.0 right 1 136.667107105 137.091044903 137.503078938 138.824120998
59 0.3 0.3 -1 0.3 0.0736806299728 4.0 0.2 0.42 22.0 left 1 138.857386112 139.281280041 139.693483114 140.625530958
60 0.3 0.3 1 0.3 0.0736806299728 4.0 0.2 0.42 22.0 right 1 140.659070015 141.083133936 141.495188951 142.344783068
61 0.3 0.3 1 0.3 0.0736806299728 4.0 0.4 0.42 22.0 right 1 142.378449917 142.802303076 143.214560986 144.028903961
62 0.3 0.3 -1 0.3 0.0164754897244 4.0 0.0 0.42 22.0 left 1 144.062354088 144.486382961 144.898567915 145.701359034
63 0.3 0.3 1 0.3 0.2 4.0 0.4 0.42 90.0 right 1 145.734620094 146.158575058 146.57083106 147.362704992
64 0.3 0.3 -1 0.3 0.0164754897244 4.0 0.4 0.42 90.0 right 0 147.395169973 147.818984985 148.231152058 150.50552702
65 0.3 0.3 -1 0.3 0.2 4.0 0.2 0.42 22.0 left 1 150.53917098 150.963116884 151.375260115 152.27245307
66 0.3 0.3 -1 0.3 0.121392446201 4.0 0.8 0.42 90.0 left 1 152.305663109 152.729615927 153.141757011 154.062170982
67 0.3 0.3 1 0.3 0.04472135955 4.0 0.8 0.42 22.0 right 1 154.095551968 154.519571066 154.931674957 155.699019909
68 0.3 0.3 1 0.3 0.0736806299728 4.0 0.0 0.42 90.0 right 1 155.732440948 156.156445026 156.56853199 157.300556898
69 0.3 0.3 -1 0.3 0.01 4.0 0.0 0.42 22.0 left 1 157.333910942 157.757898092 158.170017004 159.114245892
70 0.3 0.3 -1 0.3 0.01 4.0 0.4 0.42 22.0 left 1 159.147427082 159.571521997 159.983460903 160.880573988
71 0.3 0.3 1 0.3 0.01 4.0 0.6 0.42 90.0 left 0 160.913969994 161.337941885 161.750036955 162.729482889
72 0.3 0.3 1 0.3 0.0164754897244 4.0 0.6 0.42 22.0 right 1 162.762793064 163.186752081 163.598926067 164.590130091
73 0.3 0.3 -1 0.3 0.0164754897244 4.0 0.8 0.42 22.0 left 1 164.623464108 165.047276974 165.459438086 166.29737401
74 0.3 0.3 1 0.3 0.0736806299728 4.0 0.2 0.42 90.0 right 1 166.330840111 166.754751921 167.166970015 168.71172595
75 0.3 0.3 1 0.3 0.2 4.0 0.6 0.42 90.0 right 1 168.745034933 169.16889596 169.581131935 170.64281702
76 0.3 0.3 -1 0.3 0.121392446201 4.0 0.2 0.42 22.0 left 1 170.67623806 171.100168943 171.512309074 172.303158045
77 0.3 0.3 1 0.3 0.0164754897244 4.0 0.0 0.42 22.0 right 1 172.336633921 172.760488987 173.172625065 174.599545956
78 0.3 0.3 1 0.3 0.01 4.0 0.4 0.42 90.0 left 0 174.6328969 175.056914091 175.468981981 176.554620981
79 0.3 0.3 1 0.3 0.2 4.0 0.8 0.42 90.0 right 1 176.587779045 177.011701107 177.423866987 178.473896027
80 0.3 0.3 1 0.3 0.0164754897244 4.0 0.2 0.42 90.0 left 0 178.507221937 178.931269884 179.343359947 180.264040947
81 0.3 0.3 1 0.3 0.01 4.0 0.8 0.42 90.0 right 1 180.297203064 180.721086979 181.13333106 181.947793961
82 0.3 0.3 -1 0.3 0.2 4.0 0.6 0.42 22.0 left 1 181.981167078 182.405117989 182.817280054 183.749939919
83 0.3 0.3 1 0.3 0.0164754897244 4.0 0.6 0.42 90.0 right 1 183.782964945 184.206723928 184.618926048 185.986876011
84 0.3 0.3 -1 0.3 0.0164754897244 4.0 0.8 0.42 90.0 right 0 186.020432949 186.44423604 186.856504917 187.88312912
85 0.3 0.3 1 0.3 0.0164754897244 4.0 0.8 0.42 22.0 right 1 187.916369915 188.34027195 188.752337933 189.790781021
86 0.3 0.3 -1 0.3 0.0164754897244 4.0 0.2 0.42 90.0 right 0 189.82407403 190.247862101 190.66012907 191.721913099
87 0.3 0.3 -1 0.3 0.0271441761659 4.0 0.0 0.42 22.0 left 1 191.755413055 192.179301977 192.591489077 193.500365973
88 0.3 0.3 1 0.3 0.121392446201 4.0 0.4 0.42 90.0 right 1 193.533545017 193.957360029 194.369601011 195.631925106
89 0.3 0.3 -1 0.3 0.04472135955 4.0 0.4 0.42 22.0 left 1 195.665035963 196.088943005 196.501111984 197.40971899
90 0.3 0.3 1 0.3 0.0271441761659 4.0 0.8 0.42 22.0 right 1 197.443042994 197.867037058 198.279270887 199.129972935
91 0.3 0.3 -1 0.3 0.01 4.0 0.8 0.42 22.0 left 1 199.162482977 199.586357117 199.998615026 201.378577948
92 0.3 0.3 -1 0.3 0.0271441761659 4.0 0.0 0.42 90.0 right 0 201.411674023 201.835489035 202.24784708 203.344705105
93 0.3 0.3 -1 0.3 0.0736806299728 4.0 0.0 0.42 90.0 left 1 203.378242016 203.802151918 204.214376926 205.205831051
94 0.3 0.3 1 0.3 0.0164754897244 4.0 0.8 0.42 90.0 right 1 205.238946915 205.662770033 206.074975014 207.054389
95 0.3 0.3 1 0.3 0.0271441761659 4.0 0.6 0.42 22.0 right 1 207.087758064 207.511651039 207.923718929 208.808940887
96 0.3 0.3 -1 0.3 0.2 4.0 0.8 0.42 22.0 left 1 208.842246056 209.266143084 209.678416967 210.787302017
97 0.3 0.3 -1 0.3 0.121392446201 4.0 0.6 0.42 90.0 left 1 210.820781946 211.244719028 211.656872034 212.63657999
98 0.3 0.3 1 0.3 0.2 4.0 0.8 0.42 22.0 right 1 212.669547081 213.093540907 213.505642891 214.367048979
99 0.3 0.3 1 0.3 0.2 4.0 0.2 0.42 22.0 right 1 214.400567055 214.824547052 215.236726046 216.110065937
100 0.3 0.3 -1 0.3 0.04472135955 4.0 0.8 0.42 22.0 left 1 216.143527985 216.567404032 216.979639053 217.865124941
101 0.3 0.3 -1 0.3 0.0271441761659 4.0 0.4 0.42 90.0 left 1 217.898092985 218.322029114 218.734129906 219.607435942
102 0.3 0.3 1 0.3 0.121392446201 4.0 0.8 0.42 90.0 right 1 219.64090991 220.064915895 220.47704792 221.326738119
103 0.3 0.3 1 0.3 0.121392446201 4.0 0.6 0.42 22.0 right 1 221.360302925 221.784133911 222.196376085 222.893094063
104 0.3 0.3 1 0.3 0.121392446201 4.0 0.0 0.42 22.0 right 1 222.926470995 223.350295067 223.762624025 224.470911026
105 0.3 0.3 -1 0.3 0.04472135955 4.0 0.6 0.42 22.0 left 1 224.504419088 224.928353071 225.340538025 226.119683981
106 0.3 0.3 1 0.3 0.04472135955 4.0 0.0 0.42 90.0 left 0 226.153017044 226.577014923 226.989161968 227.72151494
107 0.3 0.3 1 0.3 0.121392446201 4.0 0.0 0.42 90.0 left 0 227.754585028 228.178570986 228.590738058 229.158792019
108 0.3 0.3 -1 0.3 0.0271441761659 4.0 0.6 0.42 22.0 left 1 229.191299915 229.61520505 230.027360916 230.889015913
109 0.3 0.3 1 0.3 0.0271441761659 4.0 0.0 0.42 90.0 left 0 230.92236495 231.346358061 231.758511066 232.537633896
110 0.3 0.3 1 0.3 0.04472135955 4.0 0.8 0.42 90.0 left 0 232.57090497 232.99485898 233.407126904 234.162619114
111 0.3 0.3 -1 0.3 0.2 4.0 0.2 0.42 90.0 left 1 234.196197987 234.620068073 235.03220892 235.812170029
112 0.3 0.3 1 0.3 0.0164754897244 4.0 0.2 0.42 22.0 right 1 235.844726086 236.268666029 236.680787086 238.013580084
113 0.3 0.3 -1 0.3 0.121392446201 4.0 0.4 0.42 22.0 left 1 238.046968937 238.470753908 238.882916927 239.685652018
114 0.3 0.3 1 0.3 0.01 4.0 0.4 0.42 22.0 left 0 239.719073057 240.142971992 240.555073023 241.487607956
115 0.3 0.3 -1 0.3 0.121392446201 4.0 0.4 0.42 90.0 left 1 241.520787954 241.944776058 242.356930017 243.277837992
116 0.3 0.3 -1 0.3 0.0164754897244 4.0 0.6 0.42 90.0 right 0 243.322530031 243.74661994 244.158763885 244.96154809
117 0.3 0.3 -1 0.3 0.0271441761659 4.0 0.8 0.42 22.0 left 1 244.994719982 245.418678045 245.830867052 246.656965017
118 0.3 0.3 1 0.3 0.0736806299728 4.0 0.4 0.42 90.0 right 1 246.69039607 247.114412069 247.526573896 248.388170004
119 0.3 0.3 -1 0.3 0.121392446201 4.0 0.0 0.42 22.0 left 1 248.421559095 248.845585108 249.257723093 249.896599054
120 0.3 0.3 -1 0.3 0.01 4.0 0.0 0.42 90.0 right 0 249.92889905 250.35278511 250.764889956 251.720994949
121 0.3 0.3 1 0.3 0.0736806299728 4.0 0.6 0.42 90.0 left 0 251.75416398 252.178178072 252.590322018 253.475255013
122 0.3 0.3 -1 0.3 0.0736806299728 4.0 0.4 0.42 90.0 right 0 253.508877993 253.932699919 254.344909906 255.15932107
123 0.3 0.3 -1 0.3 0.121392446201 4.0 0.0 0.42 90.0 left 1 255.192724943 255.616715908 256.028955936 256.87856698
124 0.3 0.3 1 0.3 0.2 4.0 0.4 0.42 22.0 right 1 256.912069082 257.335999012 257.748172045 258.43413806
125 0.3 0.3 -1 0.3 0.0271441761659 4.0 0.4 0.42 22.0 left 1 258.466572046 258.890501976 259.302683115 260.140803099
126 0.3 0.3 -1 0.3 0.01 4.0 0.4 0.42 90.0 right 0 260.17412591 260.598014116 261.010191917 261.871670961
127 0.3 0.3 -1 0.3 0.01 4.0 0.6 0.42 90.0 right 0 261.905138016 262.329094887 262.741210938 263.76750803
128 0.3 0.3 -1 0.3 0.0736806299728 4.0 0.6 0.42 90.0 left 1 263.800970078 264.224926949 264.637124062 265.557449102
129 0.3 0.3 1 0.3 0.01 4.0 0.8 0.42 22.0 left 0 265.590986013 266.014863968 266.427131891 267.335926056
130 0.3 0.3 1 0.3 0.121392446201 4.0 0.2 0.42 90.0 right 1 267.369338989 267.79321003 268.205329895 268.925434113
131 0.3 0.3 1 0.3 0.01 4.0 0.0 0.42 22.0 left 0 268.958959103 269.382879019 269.795164108 270.821450949
132 0.3 0.3 1 0.3 0.04472135955 4.0 0.2 0.42 22.0 right 1 270.854882956 271.278903961 271.69107008 272.541090012
133 0.3 0.3 1 0.3 0.04472135955 4.0 0.4 0.42 22.0 right 1 272.585998058 273.00987196 273.422003984 274.295376062
134 0.3 0.3 -1 0.3 0.2 4.0 0.0 0.42 90.0 left 1 274.32892704 274.752810001 275.164994001 276.061819077
135 0.3 0.3 1 0.3 0.0736806299728 4.0 0.8 0.42 22.0 right 1 276.095271111 276.519139051 276.93125701 277.686765909
136 0.3 0.3 -1 0.3 0.0164754897244 4.0 0.6 0.42 22.0 left 1 277.720323086 278.144189119 278.556371927 279.535851955
137 0.3 0.3 -1 0.3 0.2 4.0 0.6 0.42 90.0 left 1 279.569154024 279.993108988 280.405245066 281.19706893
138 0.3 0.3 -1 0.3 0.0164754897244 4.0 0.0 0.42 90.0 left 1 281.229526043 281.653537035 282.065774918 282.868556976
139 0.3 0.3 -1 0.3 0.121392446201 4.0 0.6 0.42 22.0 left 1 282.91344595 283.337389946 283.749656916 284.552386045
140 0.3 0.3 -1 0.3 0.04472135955 4.0 0.0 0.42 22.0 left 1 284.585848093 285.00968194 285.421822071 286.20114994
141 0.3 0.3 1 0.3 0.0736806299728 4.0 0.0 0.42 22.0 right 1 559.320482016 559.744385004 560.156595945 561.077111006
142 0.3 0.3 -1 0.3 0.04472135955 4.0 0.2 0.42 90.0 right 0 561.110552073 561.534502029 561.946666956 563.59713912
143 0.3 0.3 -1 0.3 0.121392446201 4.0 0.8 0.42 90.0 left 1 563.630563974 564.054464102 564.466599941 565.351867914
144 0.3 0.3 -1 0.3 0.04472135955 4.0 0.0 0.42 90.0 right 0 565.385155916 565.809196949 566.221276045 567.189033985
145 0.3 0.3 -1 0.3 0.2 4.0 0.4 0.42 22.0 left 1 567.233907938 567.658015013 568.070221901 568.909061909
146 0.3 0.3 -1 0.3 0.01 4.0 0.0 0.42 90.0 right 0 568.941642046 569.36552 569.777686119 570.686156988
147 0.3 0.3 1 0.3 0.04472135955 4.0 0.8 0.42 90.0 right 1 570.719681025 571.143723965 571.555897951 572.617621899
148 0.3 0.3 1 0.3 0.0736806299728 4.0 0.2 0.42 22.0 right 1 572.651092052 573.074934959 573.487066031 574.384097099
149 0.3 0.3 -1 0.3 0.0271441761659 4.0 0.2 0.42 22.0 left 1 574.417283058 574.841412067 575.25357604 576.150510073
150 0.3 0.3 1 0.3 0.0164754897244 4.0 0.0 0.42 90.0 left 0 576.183753014 576.607703924 577.01996398 578.269877911
151 0.3 0.3 -1 0.3 0.121392446201 4.0 0.2 0.42 90.0 left 1 578.303549051 578.727480888 579.139548063 580.060065031
152 0.3 0.3 -1 0.3 0.2 4.0 0.6 0.42 22.0 left 1 580.093466997 580.517424107 580.929522038 581.826725006
153 0.3 0.3 1 0.3 0.04472135955 4.0 0.2 0.42 90.0 right 1 581.859842062 582.283855915 582.695966005 583.557503939
154 0.3 0.3 1 0.3 0.0736806299728 4.0 0.6 0.42 90.0 left 0 583.590977907 584.014854908 584.427053928 585.583048105
155 0.3 0.3 1 0.3 0.04472135955 4.0 0.2 0.42 22.0 right 1 585.616328955 586.040283918 586.452478886 587.278702021
156 0.3 0.3 -1 0.3 0.01 4.0 0.4 0.42 90.0 right 0 587.312149048 587.736052036 588.148164988 589.23376894
157 0.3 0.3 1 0.3 0.01 4.0 0.2 0.42 90.0 left 0 589.266954899 589.690946102 590.103053093 591.271081924
158 0.3 0.3 -1 0.3 0.0736806299728 4.0 0.8 0.42 90.0 right 0 591.304330111 591.728167057 592.140321016 592.895982027
159 0.3 0.3 1 0.3 0.0164754897244 4.0 0.2 0.42 90.0 left 0 592.929445028 593.353372097 593.765510082 594.615675926
160 0.3 0.3 -1 0.3 0.2 4.0 0.2 0.42 90.0 left 1 594.648513079 595.072524071 595.484750032 596.38171792
161 0.3 0.3 1 0.3 0.04472135955 4.0 0.8 0.42 22.0 right 1 596.414994955 596.839060068 597.251241922 598.006664038
162 0.3 0.3 1 0.3 0.0164754897244 4.0 0.6 0.42 90.0 left 0 598.040119886 598.464131117 598.876219988 599.784862995
163 0.3 0.3 1 0.3 0.0271441761659 4.0 0.0 0.42 90.0 right 1 599.818370104 600.242233038 600.654401064 601.468770027
164 0.3 0.3 -1 0.3 0.04472135955 4.0 0.6 0.42 90.0 right 0 601.50228405 601.926250935 602.338412046 603.600204945
165 0.3 0.3 -1 0.3 0.0164754897244 4.0 0.0 0.42 90.0 right 0 603.633806944 604.057709932 604.4699049 605.566940069
166 0.3 0.3 -1 0.3 0.0164754897244 4.0 0.6 0.42 90.0 left 1 605.600307941 606.024286985 606.436317921 607.969247103
167 0.3 0.3 -1 0.3 0.121392446201 4.0 0.0 0.42 90.0 left 1 608.002597094 608.42655611 608.838741064 609.806421995
168 0.3 0.3 -1 0.3 0.0271441761659 4.0 0.0 0.42 22.0 left 1 609.839768887 610.263627052 610.67572093 611.596282959
169 0.3 0.3 1 0.3 0.0736806299728 4.0 0.8 0.42 90.0 left 0 611.629699945 612.053607941 612.465842962 613.39803791
170 0.3 0.3 1 0.3 0.2 4.0 0.8 0.42 90.0 right 1 613.431318998 613.855209112 614.2673769 615.036036015
171 0.3 0.3 -1 0.3 0.0164754897244 4.0 0.8 0.42 22.0 left 1 615.068233967 615.492171049 615.904406071 616.765882015
172 0.3 0.3 1 0.3 0.121392446201 4.0 0.8 0.42 90.0 right 1 616.799400091 617.223428965 617.635498047 618.603364944
173 0.3 0.3 -1 0.3 0.121392446201 4.0 0.4 0.42 22.0 left 1 618.648168087 619.072257996 619.484391928 620.33406806
174 0.3 0.3 1 0.3 0.121392446201 4.0 0.0 0.42 22.0 right 1 620.367520094 620.791419983 621.20359993 621.994421005
175 0.3 0.3 -1 0.3 0.0271441761659 4.0 0.6 0.42 22.0 left 1 622.027890921 622.451816082 622.863914013 623.654933929
176 0.3 0.3 1 0.3 0.0271441761659 4.0 0.8 0.42 90.0 right 1 623.68820405 624.112227917 624.524471045 626.434247971
177 0.3 0.3 -1 0.3 0.01 4.0 0.2 0.42 90.0 left 1 626.467601061 626.891455889 627.303651094 628.707421064
178 0.3 0.3 -1 0.3 0.0736806299728 4.0 0.8 0.42 22.0 left 1 628.752022982 629.175909042 629.588123083 630.508469105
179 0.3 0.3 1 0.3 0.0164754897244 4.0 0.2 0.42 22.0 right 1 630.542083025 630.965903997 631.378159046 632.251179934
180 0.3 0.3 1 0.3 0.2 4.0 0.2 0.42 90.0 right 1 632.284796 632.708766937 633.120820999 634.017998934
181 0.3 0.3 -1 0.3 0.0164754897244 4.0 0.0 0.42 22.0 left 1 634.051287889 634.475243092 634.887403011 637.845496893
182 0.3 0.3 1 0.3 0.04472135955 4.0 0.0 0.42 90.0 right 1 637.878412962 638.302346945 638.714473963 640.106090069
183 0.3 0.3 1 0.3 0.121392446201 4.0 0.0 0.42 90.0 right 1 640.139379025 640.563360929 640.975554943 641.943352938
184 0.3 0.3 1 0.3 0.0164754897244 4.0 0.8 0.42 22.0 left 0 641.976489067 642.400363922 642.81249094 643.803441048
185 0.3 0.3 -1 0.3 0.2 4.0 0.0 0.42 90.0 left 1 643.837165117 644.261058092 644.67315197 645.570139885
186 0.3 0.3 1 0.3 0.121392446201 4.0 0.6 0.42 90.0 right 1 645.603475094 646.027373075 646.439565897 647.195223093
187 0.3 0.3 -1 0.3 0.0164754897244 4.0 0.4 0.42 90.0 left 1 647.228590012 647.652556896 648.064683914 649.314970016
188 0.3 0.3 1 0.3 0.0271441761659 4.0 0.4 0.42 22.0 right 1 649.348297119 649.772249937 650.184247017 651.069657087
189 0.3 0.3 1 0.3 0.0736806299728 4.0 0.8 0.42 22.0 right 1 651.103002071 651.526931047 651.939071894 652.730444908
190 0.3 0.3 1 0.3 0.0271441761659 4.0 0.0 0.42 22.0 right 1 652.775123119 653.199060917 653.611253023 654.46123004
191 0.3 0.3 -1 0.3 0.2 4.0 0.2 0.42 22.0 left 1 654.494398117 654.918319941 655.330535889 656.169488907
192 0.3 0.3 1 0.3 0.121392446201 4.0 0.4 0.42 22.0 right 1 656.202013016 656.625863075 657.037944078 657.934900045
193 0.3 0.3 -1 0.3 0.04472135955 4.0 0.8 0.42 22.0 left 1 657.968337059 658.392271042 658.80436492 659.630755901
194 0.3 0.3 1 0.3 0.2 4.0 0.2 0.42 22.0 right 1 659.664171934 660.087914944 660.500138044 661.162601948
195 0.3 0.3 1 0.3 0.2 4.0 0.4 0.42 22.0 right 1 661.19492507 661.618937969 662.030935049 662.763849974
196 0.3 0.3 1 0.3 0.0271441761659 4.0 0.8 0.42 22.0 right 1 662.796578884 663.2205441 663.63271904 665.141803026
197 0.3 0.3 -1 0.3 0.0271441761659 4.0 0.8 0.42 90.0 right 0 665.175218105 665.599131107 666.011447906 667.426193953
198 0.3 0.3 1 0.3 0.0271441761659 4.0 0.6 0.42 22.0 right 1 667.459799051 667.883788109 668.295898914 669.451792955
199 0.3 0.3 -1 0.3 0.0164754897244 4.0 0.4 0.42 22.0 left 1 669.485326052 669.909205914 670.321254969 671.265583992
200 0.3 0.3 -1 0.3 0.04472135955 4.0 0.8 0.42 90.0 left 1 671.298841 671.722713947 672.134824038 673.079282999
201 0.3 0.3 1 0.3 0.0736806299728 4.0 0.0 0.42 90.0 right 1 673.11235404 673.536179066 673.948436022 674.892364979
202 0.3 0.3 1 0.3 0.01 4.0 0.2 0.42 22.0 left 0 674.925913095 675.349771976 675.761816978 676.694017887
203 0.3 0.3 1 0.3 0.01 4.0 0.4 0.42 90.0 left 0 676.727505922 677.15143609 677.563728094 679.390860081
204 0.3 0.3 -1 0.3 0.04472135955 4.0 0.0 0.42 22.0 left 1 679.424348116 679.84821105 680.260370016 681.145751953
205 0.3 0.3 1 0.3 0.2 4.0 0.6 0.42 22.0 right 1 681.190690994 681.614561081 682.026783943 682.67721796
206 0.3 0.3 -1 0.3 0.0736806299728 4.0 0.4 0.42 90.0 left 1 682.709839106 683.133812904 683.545974016 684.4309659
207 0.3 0.3 1 0.3 0.2 4.0 0.0 0.42 22.0 right 1 684.464346886 684.888282061 685.300508022 685.998393059
208 0.3 0.3 -1 0.3 0.0164754897244 4.0 0.8 0.42 90.0 left 1 686.030742884 686.454664946 686.866833925 687.716594934
209 0.3 0.3 1 0.3 0.04472135955 4.0 0.4 0.42 90.0 right 1 687.749979019 688.173785925 688.58596611 689.365185976
210 0.3 0.3 -1 0.3 0.01 4.0 0.6 0.42 22.0 left 1 689.398581028 689.822524071 690.234646082 691.072604895
211 0.3 0.3 -1 0.3 0.0736806299728 4.0 0.4 0.42 22.0 left 1 691.105998039 691.529987097 691.942199945 692.756964922
212 0.3 0.3 1 0.3 0.2 4.0 0.4 0.42 90.0 right 1 692.790113926 693.214062929 693.626256943 694.21816802
213 0.3 0.3 1 0.3 0.0164754897244 4.0 0.0 0.42 22.0 left 0 694.250407934 694.674319983 695.086355925 695.936250925
214 0.3 0.3 1 0.3 0.121392446201 4.0 0.6 0.42 22.0 right 1 695.969630003 696.393444061 696.805608034 697.561286926
215 0.3 0.3 1 0.3 0.01 4.0 0.8 0.42 22.0 left 0 697.594716072 698.018717051 698.430803061 699.292468071
216 0.3 0.3 1 0.3 0.04472135955 4.0 0.6 0.42 22.0 right 1 699.325675011 699.749816895 700.161958933 700.858299017
217 0.3 0.3 -1 0.3 0.0736806299728 4.0 0.0 0.42 90.0 left 1 700.892030001 701.315896988 701.728060007 702.542484999
218 0.3 0.3 -1 0.3 0.0271441761659 4.0 0.4 0.42 22.0 left 1 702.575928926 702.999922991 703.411989927 704.367810011
219 0.3 0.3 1 0.3 0.121392446201 4.0 0.8 0.42 22.0 right 1 704.401161909 704.825033903 705.237284899 706.028214931
220 0.3 0.3 -1 0.3 0.04472135955 4.0 0.2 0.42 22.0 left 1 706.061656952 706.485511065 706.897742987 707.688914061
221 0.3 0.3 1 0.3 0.2 4.0 0.8 0.42 22.0 right 1 707.733927011 708.157849073 708.569926977 709.090848923
222 0.3 0.3 -1 0.3 0.0271441761659 4.0 0.4 0.42 90.0 left 1 709.123404026 709.547276974 709.959438086 711.29241395
223 0.3 0.3 -1 0.3 0.01 4.0 0.6 0.42 90.0 left 1 711.325591087 711.74942708 712.161617041 713.034866095
224 0.3 0.3 1 0.3 0.121392446201 4.0 0.2 0.42 90.0 right 1 713.068408012 713.492341995 713.904541969 714.754200935
225 0.3 0.3 1 0.3 0.0271441761659 4.0 0.4 0.42 90.0 left 0 714.78766489 715.211579084 715.623867035 716.449918032
226 0.3 0.3 1 0.3 0.2 4.0 0.6 0.42 90.0 right 1 716.483402967 716.907373905 717.319556952 718.204828978
227 0.3 0.3 -1 0.3 0.0164754897244 4.0 0.2 0.42 90.0 left 1 718.238114119 718.662038088 719.074054956 719.889147997
228 0.3 0.3 -1 0.3 0.0271441761659 4.0 0.6 0.42 90.0 right 0 719.922132015 720.346065998 720.75810504 721.537168026
229 0.3 0.3 1 0.3 0.04472135955 4.0 0.6 0.42 90.0 left 0 721.570766926 721.994621038 722.406933069 723.25665307
230 0.3 0.3 1 0.3 0.0736806299728 4.0 0.4 0.42 22.0 right 1 723.301642895 723.725675106 724.137782097 725.023197889
231 0.3 0.3 -1 0.3 0.0271441761659 4.0 0.8 0.42 22.0 left 1 725.056469917 725.480273962 725.892452955 726.659996033
232 0.3 0.3 -1 0.3 0.0736806299728 4.0 0.6 0.42 22.0 left 1 726.693315983 727.117273092 727.529419899 728.4378829
233 0.3 0.3 1 0.3 0.121392446201 4.0 0.2 0.42 22.0 right 1 728.471451998 728.895301104 729.307518959 729.993365049
234 0.3 0.3 -1 0.3 0.01 4.0 0.2 0.42 22.0 left 1 730.025862932 730.449804068 730.861929893 731.712071896
235 0.3 0.3 1 0.3 0.01 4.0 0.8 0.42 90.0 right 1 731.756995916 732.180934906 732.593081951 733.619676113
236 0.3 0.3 -1 0.3 0.121392446201 4.0 0.2 0.42 22.0 left 1 733.652941942 734.076913118 734.489095926 735.374094963
237 0.3 0.3 -1 0.3 0.2 4.0 0.8 0.42 22.0 left 1 735.407538891 735.831383944 736.243633986 743.381849051
238 0.3 0.3 1 0.3 0.0736806299728 4.0 0.2 0.42 90.0 right 1 743.41512394 743.839169979 744.251308918 745.996371984
239 0.3 0.3 -1 0.3 0.0736806299728 4.0 0.6 0.42 90.0 left 1 746.029612064 746.45350194 746.865622044 747.750778913
240 0.3 0.3 1 0.3 0.01 4.0 0.6 0.42 22.0 left 0 747.784044981 748.208091021 748.620126009 750.058769941
241 0.3 0.3 -1 0.3 0.121392446201 4.0 0.4 0.42 90.0 left 1 750.092161894 750.516258001 750.92841506 751.966558933
242 0.3 0.3 1 0.3 0.04472135955 4.0 0.4 0.42 22.0 right 1 751.999922037 752.423897982 752.836016893 753.673979044
243 0.3 0.3 -1 0.3 0.2 4.0 0.0 0.42 22.0 left 1 753.707351923 754.131357908 754.54351306 755.463885069
244 0.3 0.3 -1 0.3 0.2 4.0 0.8 0.42 90.0 left 1 755.497400045 755.921344042 756.333542109 757.513036966
245 0.3 0.3 -1 0.3 0.121392446201 4.0 0.6 0.42 90.0 left 1 757.546489954 757.970329046 758.382627964 759.479887962
246 0.3 0.3 -1 0.3 0.0164754897244 4.0 0.2 0.42 22.0 left 1 759.524874926 759.948833942 760.360997915 761.775798082
247 0.3 0.3 -1 0.3 0.01 4.0 0.0 0.42 22.0 left 1 761.809465885 762.233320951 762.645500898 763.848706961
248 0.3 0.3 1 0.3 0.0164754897244 4.0 0.4 0.42 90.0 left 0 763.881959915 764.305972099 764.718101978 765.968117952
249 0.3 0.3 1 0.3 0.0271441761659 4.0 0.2 0.42 22.0 right 1 766.001626968 766.42564702 766.837848902 767.770201921
250 0.3 0.3 1 0.3 0.0736806299728 4.0 0.6 0.42 22.0 right 1 767.803436041 768.227406025 768.63950491 769.536129951
251 0.3 0.3 1 0.3 0.0164754897244 4.0 0.4 0.42 22.0 right 1 769.569756031 769.993686914 770.405791998 771.46782589
252 0.3 0.3 1 0.3 0.0164754897244 4.0 0.8 0.42 90.0 left 0 771.501132965 771.925054073 772.33720994 773.610883951
253 0.3 0.3 1 0.3 0.01 4.0 0.4 0.42 22.0 right 1 773.644221067 774.068233013 774.480462074 775.471393108
254 0.3 0.3 -1 0.3 0.01 4.0 0.4 0.42 22.0 left 1 775.504925013 775.928738117 776.341084003 777.367391109
255 0.3 0.3 1 0.3 0.2 4.0 0.0 0.42 90.0 right 1 777.400752068 777.824853897 778.236983061 779.098680973
256 0.3 0.3 -1 0.3 0.121392446201 4.0 0.6 0.42 22.0 left 1 779.131876945 779.555798054 779.967904091 780.794367075
257 0.3 0.3 1 0.3 0.0164754897244 4.0 0.6 0.42 22.0 right 1 780.827704906 781.251552105 781.66377902 782.525289059
258 0.3 0.3 1 0.3 0.04472135955 4.0 0.0 0.42 22.0 right 1 782.558855057 782.982783079 783.394916058 784.279885054
259 0.3 0.3 1 0.3 0.121392446201 4.0 0.4 0.42 90.0 right 1 784.313304901 784.737319946 785.149442911 786.246912956
260 0.3 0.3 -1 0.3 0.04472135955 4.0 0.4 0.42 90.0 right 0 786.291830063 786.71567297 787.127901077 788.342642069
261 0.3 0.3 -1 0.3 0.0736806299728 4.0 0.2 0.42 90.0 left 1 788.37608695 788.800045967 789.212089062 790.144583941
262 0.3 0.3 -1 0.3 0.0271441761659 4.0 0.0 0.42 90.0 right 0 790.177900076 790.601867914 791.013953924 791.946336985
263 0.3 0.3 -1 0.3 0.04472135955 4.0 0.4 0.42 22.0 left 1 791.979526997 792.40357995 792.81576705 793.842259884
264 0.3 0.3 -1 0.3 0.2 4.0 0.4 0.42 90.0 left 1 793.875566959 794.29954195 794.711601019 795.726269007
265 0.3 0.3 -1 0.3 0.0736806299728 4.0 0.0 0.42 22.0 left 1 795.759601116 796.183592081 796.595767975 797.504405975
266 0.3 0.3 -1 0.3 0.2 4.0 0.6 0.42 90.0 left 1 797.537908077 797.961884975 798.373934031 799.282589912
267 0.3 0.3 1 0.3 0.01 4.0 0.6 0.42 90.0 left 0 799.316021919 799.73991704 800.152074099 801.21421504
268 0.3 0.3 1 0.3 0.0271441761659 4.0 0.2 0.42 90.0 left 0 801.259151936 801.683067083 802.095201969 803.015368938
269 0.3 0.3 1 0.3 0.01 4.0 0.0 0.42 22.0 left 0 803.049093008 803.472985029 803.885035038 805.064743996
270 0.3 0.3 -1 0.3 0.121392446201 4.0 0.8 0.42 22.0 left 1 805.098165035 805.521918058 805.934211016 806.996138096
271 0.3 0.3 1 0.3 0.01 4.0 0.0 0.42 90.0 left 0 807.029434919 807.453362942 807.865525007 808.833242893
272 0.3 0.3 -1 0.3 0.04472135955 4.0 0.6 0.42 22.0 left 1 808.866302967 809.290402889 809.702541113 810.682037115
273 0.3 0.3 1 0.3 0.0736806299728 4.0 0.4 0.42 90.0 right 1 810.715322971 811.139225006 811.5514009 812.660195112
274 0.3 0.3 -1 0.3 0.0164754897244 4.0 0.6 0.42 22.0 left 1 812.693630934 813.117645025 813.529721022 814.568084002
275 0.3 0.3 -1 0.3 0.0736806299728 4.0 0.2 0.42 22.0 left 1 814.601310015 815.025285959 815.437468052 816.334206104
276 0.3 0.3 -1 0.3 0.0271441761659 4.0 0.2 0.42 90.0 right 0 816.367733002 816.791558981 817.203764915 818.253895998
277 0.3 0.3 -1 0.3 0.01 4.0 0.8 0.42 22.0 left 1 818.299056053 818.723028898 819.135201931 820.090918064
278 0.3 0.3 -1 0.3 0.121392446201 4.0 0.0 0.42 22.0 left 1 820.124332905 820.54826808 820.960498095 821.951410055
279 0.3 0.3 -1 0.3 0.01 4.0 0.8 0.42 90.0 left 1 821.9849751 822.408893108 822.821063042 824.40080905
280 0.3 0.3 1 0.3 0.0271441761659 4.0 0.6 0.42 90.0 left 0 824.434267998 824.858244896 825.27046895 826.590997934
