trial durationPreFixation durationFixation direction durationGrating duration speed phaseIni contrast size response correct time_onset time_fixation time_stimulus time_response
1 0.3 0.3 1 0.3 0.121392446201 4.0 0.8 0.42 22.0 right 1 28.8826029301 29.3062880039 29.718462944 30.8491508961
2 0.3 0.3 -1 0.3 0.0736806299728 4.0 0.6 0.42 90.0 left 1 30.8842499256 31.3081438541 31.7203309536 32.7587089539
3 0.3 0.3 1 0.3 0.0271441761659 4.0 0.4 0.42 22.0 right 1 32.7919869423 33.2158520222 33.6280219555 34.6076829433
4 0.3 0.3 1 0.3 0.121392446201 4.0 0.0 0.42 22.0 right 1 34.6408190727 35.0646839142 35.4768788815 37.021337986
5 0.3 0.3 1 0.3 0.04472135955 4.0 0.0 0.42 90.0 right 1 37.054956913 37.4788410664 37.891053915 39.0235409737
6 0.3 0.3 -1 0.3 0.01 4.0 0.2 0.42 22.0 right 0 39.0567269325 39.4806549549 39.8928570747 40.9310929775
7 0.3 0.3 -1 0.3 0.0736806299728 4.0 0.8 0.42 22.0 left 1 40.964496851 41.3885340691 41.800716877 42.9800539017
8 0.3 0.3 1 0.3 0.0736806299728 4.0 0.6 0.42 90.0 right 1 43.0136089325 43.4374768734 43.8497428894 45.0527570248
9 0.3 0.3 1 0.3 0.121392446201 4.0 0.0 0.42 90.0 right 1 45.0861759186 45.5101280212 45.9223098755 47.3964278698
10 0.3 0.3 -1 0.3 0.04472135955 4.0 0.4 0.42 22.0 left 1 47.4295220375 47.8534090519 48.2656710148 49.3982069492
11 0.3 0.3 -1 0.3 0.04472135955 4.0 0.8 0.42 90.0 left 1 49.431511879 49.8553988934 50.2675700188 51.6118299961
12 0.3 0.3 -1 0.3 0.01 4.0 0.8 0.42 90.0 left 1 51.6454560757 52.0693950653 52.4815089703 53.5553309917
13 0.3 0.3 1 0.3 0.0164754897244 4.0 0.8 0.42 22.0 left 0 53.6001598835 54.0240859985 54.4361510277 56.5343549252
14 0.3 0.3 -1 0.3 0.121392446201 4.0 0.0 0.42 90.0 left 1 56.5676710606 56.991754055 57.4038619995 58.5952630043
15 0.3 0.3 1 0.3 0.0736806299728 4.0 0.0 0.42 22.0 right 1 58.6403889656 59.0643219948 59.4764900208 60.620871067
16 0.3 0.3 -1 0.3 0.2 4.0 0.6 0.42 22.0 left 1 60.6539769173 61.0779359341 61.4901590347 62.5989370346
17 0.3 0.3 -1 0.3 0.121392446201 4.0 0.4 0.42 90.0 left 1 62.6322519779 63.0561919212 63.4684488773 64.5894620419
18 0.3 0.3 -1 0.3 0.04472135955 4.0 0.6 0.42 22.0 left 1 64.6224880219 65.0465450287 65.4589250088 66.4851200581
19 0.3 0.3 -1 0.3 0.121392446201 4.0 0.4 0.42 22.0 left 1 66.5183558464 66.9423699379 67.35450387 68.357724905
20 0.3 0.3 1 0.3 0.121392446201 4.0 0.2 0.42 22.0 right 1 68.3909339905 68.8147010803 69.2270200253 70.230150938
21 0.3 0.3 -1 0.3 0.2 4.0 0.0 0.42 22.0 left 1 70.2632579803 70.6871700287 71.0992529392 72.0551390648
22 0.3 0.3 1 0.3 0.121392446201 4.0 0.6 0.42 90.0 right 1 72.0886099339 72.5125949383 72.9246919155 73.9629240036
23 0.3 0.3 -1 0.3 0.04472135955 4.0 0.6 0.42 90.0 left 1 73.9962520599 74.4202148914 74.8324000835 75.7297039032
24 0.3 0.3 1 0.3 0.04472135955 4.0 0.2 0.42 90.0 right 1 75.762652874 76.1866948605 76.598749876 78.0259399414
25 0.3 0.3 1 0.3 0.04472135955 4.0 0.4 0.42 90.0 right 1 78.0590920448 78.4828970432 78.8949990273 79.9099619389
26 0.3 0.3 -1 0.3 0.01 4.0 0.8 0.42 22.0 right 0 79.9431459904 80.367069006 80.7791960239 81.9709639549
27 0.3 0.3 1 0.3 0.121392446201 4.0 0.8 0.42 90.0 right 1 82.015640974 82.4396948814 82.8517930508 83.9723799229
28 0.3 0.3 1 0.3 0.0271441761659 4.0 0.2 0.42 22.0 left 0 84.0058948994 84.4299409389 84.8420679569 86.2101140022
29 0.3 0.3 1 0.3 0.01 4.0 0.8 0.42 90.0 left 0 86.2433149815 86.6673378944 87.0794069767 88.188174963
30 0.3 0.3 -1 0.3 0.04472135955 4.0 0.2 0.42 90.0 left 1 88.2216918468 88.645583868 89.0577828884 90.2729010582
31 0.3 0.3 1 0.3 0.0164754897244 4.0 0.8 0.42 90.0 right 1 90.3061819077 90.7300238609 91.1421978474 92.1921820641
32 0.3 0.3 1 0.3 0.04472135955 4.0 0.6 0.42 90.0 right 1 92.2256228924 92.6495580673 93.0617358685 94.547287941
33 0.3 0.3 -1 0.3 0.04472135955 4.0 0.2 0.42 22.0 left 1 94.5806939602 95.004762888 95.4169239998 96.5964970589
34 0.3 0.3 -1 0.3 0.0164754897244 4.0 0.2 0.42 22.0 right 0 96.6297659874 97.0535809994 97.4659059048 98.4925320148
35 0.3 0.3 -1 0.3 0.0271441761659 4.0 0.4 0.42 22.0 left 1 98.5258688927 98.9497339725 99.3618619442 100.565244913
36 0.3 0.3 1 0.3 0.0736806299728 4.0 0.2 0.42 22.0 right 1 100.598237038 101.022172928 101.434381962 103.061460972
37 0.3 0.3 1 0.3 0.121392446201 4.0 0.4 0.42 22.0 right 1 103.094861984 103.518720865 103.930887938 105.464082956
38 0.3 0.3 1 0.3 0.2 4.0 0.6 0.42 90.0 right 1 105.497205973 105.921045065 106.333343983 107.418259859
39 0.3 0.3 -1 0.3 0.04472135955 4.0 0.0 0.42 90.0 left 1 107.45193696 107.875833035 108.288048029 109.373673916
40 0.3 0.3 -1 0.3 0.2 4.0 0.4 0.42 90.0 left 1 109.406843901 109.830796957 110.242861986 112.128978968
41 0.3 0.3 1 0.3 0.2 4.0 0.8 0.42 22.0 right 1 112.162296057 112.586307049 112.998447895 114.142883062
42 0.3 0.3 1 0.3 0.2 4.0 0.0 0.42 22.0 right 1 114.176078081 114.599994898 115.012172937 116.415452957
43 0.3 0.3 -1 0.3 0.121392446201 4.0 0.6 0.42 90.0 left 1 116.448890924 116.872875929 117.284970999 118.582581997
44 0.3 0.3 -1 0.3 0.0271441761659 4.0 0.8 0.42 90.0 right 0 118.615731001 119.039546013 119.451751947 120.655175924
45 0.3 0.3 1 0.3 0.04472135955 4.0 0.0 0.42 22.0 right 1 120.688313007 121.112148046 121.524318933 122.621366024
46 0.3 0.3 1 0.3 0.0271441761659 4.0 0.4 0.42 90.0 left 0 122.654854059 123.078724861 123.490840912 125.212316036
47 0.3 0.3 -1 0.3 0.0164754897244 4.0 0.4 0.42 90.0 right 0 125.245508909 125.669416904 126.081592083 129.946501017
48 0.3 0.3 1 0.3 0.0271441761659 4.0 0.6 0.42 90.0 right 1 129.97950387 130.403403997 130.815633059 131.818412066
49 0.3 0.3 1 0.3 0.0164754897244 4.0 0.4 0.42 22.0 right 1 131.851857901 132.27588892 132.688055992 133.702666044
50 0.3 0.3 -1 0.3 0.01 4.0 0.2 0.42 90.0 right 0 133.736129045 134.160018921 134.572180033 135.586673021
51 0.3 0.3 -1 0.3 0.121392446201 4.0 0.0 0.42 22.0 left 1 135.620110035 136.044122934 136.456326962 137.459117889
52 0.3 0.3 1 0.3 0.0736806299728 4.0 0.2 0.42 90.0 right 1 137.492681026 137.916569948 138.328607082 139.343414068
53 0.3 0.3 -1 0.3 0.01 4.0 0.6 0.42 22.0 left 1 139.376847982 139.800808907 140.212983847 141.34533906
54 0.3 0.3 1 0.3 0.0164754897244 4.0 0.2 0.42 22.0 left 0 141.378643036 141.802712917 142.214851856 143.123456001
55 0.3 0.3 1 0.3 0.121392446201 4.0 0.2 0.42 90.0 right 1 143.156892061 143.580771923 143.993020058 145.125634909
56 0.3 0.3 -1 0.3 0.01 4.0 0.0 0.42 22.0 left 1 145.158913851 145.582778931 145.994863987 147.092089891
57 0.3 0.3 1 0.3 0.0164754897244 4.0 0.0 0.42 90.0 right 1 147.125349998 147.549309015 147.961585045 149.40020895
58 0.3 0.3 -1 0.3 0.2 4.0 0.0 0.42 90.0 left 1 149.433563948 149.8575809 150.269598007 152.34433794
59 0.3 0.3 1 0.3 0.04472135955 4.0 0.2 0.42 22.0 right 1 152.377506971 152.801414967 153.213533878 154.122246027
60 0.3 0.3 1 0.3 0.0164754897244 4.0 0.2 0.42 90.0 right 1 154.155679941 154.579683065 154.991875887 155.994740009
61 0.3 0.3 -1 0.3 0.0271441761659 4.0 0.0 0.42 90.0 right 0 156.028147936 156.452055931 156.864285946 157.937753916
62 0.3 0.3 1 0.3 0.0271441761659 4.0 0.8 0.42 22.0 right 1 157.971176863 158.395071983 158.807259083 159.786465883
63 0.3 0.3 1 0.3 0.01 4.0 0.8 0.42 22.0 right 1 159.820016861 160.243885994 160.65602994 161.600547075
64 0.3 0.3 1 0.3 0.01 4.0 0.2 0.42 22.0 right 1 161.645204067 162.069200993 162.481396914 163.378144026
65 0.3 0.3 1 0.3 0.01 4.0 0.4 0.42 22.0 right 1 163.411705971 163.835654974 164.247782946 165.14467907
66 0.3 0.3 -1 0.3 0.0164754897244 4.0 0.6 0.42 90.0 right 0 165.178050041 165.601985931 166.014147997 167.252542973
67 0.3 0.3 -1 0.3 0.01 4.0 0.4 0.42 90.0 left 1 167.286010981 167.709864855 168.122051954 169.18443799
68 0.3 0.3 -1 0.3 0.121392446201 4.0 0.2 0.42 22.0 left 1 169.229026079 169.65294385 170.065111876 172.151570082
69 0.3 0.3 -1 0.3 0.0736806299728 4.0 0.8 0.42 90.0 left 1 172.184767962 172.608706951 173.020947933 174.400420904
70 0.3 0.3 -1 0.3 0.121392446201 4.0 0.8 0.42 22.0 left 1 174.433949947 174.857940912 175.270161867 176.402539968
71 0.3 0.3 1 0.3 0.2 4.0 0.8 0.42 90.0 right 1 176.435981035 176.859942913 177.272125959 178.322048903
72 0.3 0.3 -1 0.3 0.0271441761659 4.0 0.6 0.42 22.0 left 1 178.355402946 178.779267073 179.191539049 180.170857906
73 0.3 0.3 -1 0.3 0.0164754897244 4.0 0.6 0.42 22.0 right 0 180.20423007 180.628180981 181.040349007 183.103194952
74 0.3 0.3 1 0.3 0.2 4.0 0.4 0.42 22.0 right 1 183.136483908 183.560510874 183.972574949 185.423171043
75 0.3 0.3 1 0.3 0.04472135955 4.0 0.8 0.42 22.0 right 1 185.45639801 185.880307913 186.292414904 187.330667019
76 0.3 0.3 1 0.3 0.04472135955 4.0 0.6 0.42 22.0 right 1 187.364155054 187.788006067 188.200188875 189.191475868
77 0.3 0.3 1 0.3 0.2 4.0 0.4 0.42 90.0 right 1 189.22470808 189.648599863 190.060785055 192.936044931
78 0.3 0.3 -1 0.3 0.121392446201 4.0 0.8 0.42 90.0 left 1 192.969465017 193.393369913 193.805652857 194.867681026
79 0.3 0.3 -1 0.3 0.0164754897244 4.0 0.0 0.42 22.0 right 0 194.900794983 195.324632883 195.736734867 196.657374859
80 0.3 0.3 -1 0.3 0.04472135955 4.0 0.8 0.42 22.0 left 1 196.690814018 197.114758015 197.526937962 198.576884031
81 0.3 0.3 1 0.3 0.2 4.0 0.2 0.42 22.0 right 1 198.610110044 199.034041882 199.446402073 200.461144924
82 0.3 0.3 -1 0.3 0.0736806299728 4.0 0.4 0.42 90.0 left 1 200.494379997 200.918406963 201.330544949 202.33337903
83 0.3 0.3 -1 0.3 0.0271441761659 4.0 0.6 0.42 90.0 right 0 202.366771936 202.790633917 203.202826023 204.217577934
84 0.3 0.3 1 0.3 0.0736806299728 4.0 0.4 0.42 90.0 right 1 204.250884056 204.674823999 205.087080002 206.184047937
85 0.3 0.3 -1 0.3 0.04472135955 4.0 0.4 0.42 90.0 left 1 206.217520952 206.641489029 207.053699017 208.068289995
86 0.3 0.3 1 0.3 0.121392446201 4.0 0.4 0.42 90.0 right 1 208.10175395 208.525623083 208.937790871 209.893776894
87 0.3 0.3 -1 0.3 0.0271441761659 4.0 0.2 0.42 22.0 left 1 209.926919937 210.350925922 210.762984037 211.707239866
88 0.3 0.3 1 0.3 0.0271441761659 4.0 0.8 0.42 90.0 right 1 211.740483046 212.164402962 212.576587915 213.520652056
89 0.3 0.3 -1 0.3 0.0164754897244 4.0 0.4 0.42 22.0 right 0 213.554102898 213.978018999 214.390172958 215.369740963
90 0.3 0.3 -1 0.3 0.0736806299728 4.0 0.4 0.42 22.0 left 1 215.402941942 215.826874018 216.239053011 217.242021084
91 0.3 0.3 -1 0.3 0.01 4.0 0.0 0.42 90.0 right 0 217.275115967 217.699203014 218.111281872 220.04489398
92 0.3 0.3 1 0.3 0.01 4.0 0.0 0.42 90.0 left 0 220.077902079 220.501852989 220.914106846 222.081825018
93 0.3 0.3 1 0.3 0.01 4.0 0.2 0.42 90.0 left 0 222.115223885 222.539062023 222.951325893 224.072015047
94 0.3 0.3 -1 0.3 0.0164754897244 4.0 0.2 0.42 90.0 left 1 224.105311871 224.529155016 224.941416025 226.179945946
95 0.3 0.3 1 0.3 0.121392446201 4.0 0.6 0.42 22.0 right 1 226.213147879 226.637068987 227.049320936 228.323243856
96 0.3 0.3 -1 0.3 0.2 4.0 0.2 0.42 90.0 left 1 228.356514931 228.780382872 229.192620039 230.336688995
97 0.3 0.3 1 0.3 0.0736806299728 4.0 0.4 0.42 22.0 right 1 230.37005806 230.794177055 231.206341982 232.03274107
98 0.3 0.3 1 0.3 0.0164754897244 4.0 0.6 0.42 90.0 left 0 232.065793991 232.489778996 232.902001858 233.787400961
99 0.3 0.3 1 0.3 0.0271441761659 4.0 0.2 0.42 90.0 right 1 233.820519924 234.244524002 234.656705856 235.577175856
100 0.3 0.3 1 0.3 0.0271441761659 4.0 0.6 0.42 22.0 right 1 235.61045599 236.034324884 236.446542025 237.378957987
101 0.3 0.3 -1 0.3 0.0164754897244 4.0 0.0 0.42 90.0 left 1 237.412281036 237.836092949 238.248273849 239.486635923
102 0.3 0.3 1 0.3 0.01 4.0 0.4 0.42 90.0 right 1 239.520190001 239.944105864 240.356292963 241.241281986
103 0.3 0.3 -1 0.3 0.01 4.0 0.4 0.42 22.0 left 1 241.274879932 241.698756933 242.110869884 243.66762805
104 0.3 0.3 -1 0.3 0.0736806299728 4.0 0.6 0.42 22.0 left 1 243.700619936 244.124536991 244.536748886 245.598414898
105 0.3 0.3 -1 0.3 0.04472135955 4.0 0.0 0.42 22.0 left 1 245.631875992 246.055755854 246.467999935 247.447398901
106 0.3 0.3 1 0.3 0.0164754897244 4.0 0.4 0.42 90.0 left 0 247.480756044 247.904659033 248.316796064 249.366683006
107 0.3 0.3 1 0.3 0.04472135955 4.0 0.8 0.42 90.0 right 1 249.400275946 249.82406497 250.236299992 251.863470078
108 0.3 0.3 1 0.3 0.2 4.0 0.0 0.42 90.0 right 1 251.89677 252.320616961 252.732861996 254.360105991
109 0.3 0.3 -1 0.3 0.0164754897244 4.0 0.8 0.42 22.0 left 1 254.393198967 254.817226887 255.229403019 256.573776007
110 0.3 0.3 -1 0.3 0.0271441761659 4.0 0.4 0.42 90.0 right 0 256.618844986 257.042831898 257.455038071 258.622772932
111 0.3 0.3 -1 0.3 0.121392446201 4.0 0.6 0.42 22.0 left 1 258.656154871 259.080123901 259.492241859 260.589747906
112 0.3 0.3 1 0.3 0.01 4.0 0.6 0.42 90.0 right 1 260.634579897 261.058505058 261.470655918 262.473779917
113 0.3 0.3 -1 0.3 0.0736806299728 4.0 0.2 0.42 90.0 left 1 262.50692296 262.930829048 263.343107939 264.534177065
114 0.3 0.3 -1 0.3 0.2 4.0 0.2 0.42 22.0 left 1 264.567692041 264.991654873 265.403774977 266.54814887
115 0.3 0.3 -1 0.3 0.2 4.0 0.6 0.42 90.0 left 1 266.58147788 267.005415916 267.417469978 269.397791862
116 0.3 0.3 -1 0.3 0.0164754897244 4.0 0.8 0.42 90.0 right 0 269.431359053 269.85533905 270.267449856 271.470208883
117 0.3 0.3 1 0.3 0.0736806299728 4.0 0.8 0.42 22.0 right 1 271.503931999 271.92777586 272.339906931 273.719810963
118 0.3 0.3 -1 0.3 0.01 4.0 0.6 0.42 90.0 right 0 273.75314188 274.177103996 274.589197874 275.862913847
119 0.3 0.3 1 0.3 0.2 4.0 0.2 0.42 90.0 right 1 275.896376848 276.320098877 276.732406855 278.783284903
120 0.3 0.3 1 0.3 0.2 4.0 0.6 0.42 22.0 right 1 278.816698074 279.240741014 279.652775049 281.350668907
121 0.3 0.3 -1 0.3 0.2 4.0 0.4 0.42 22.0 left 1 281.383972883 281.807878017 282.220052004 283.646882057
122 0.3 0.3 1 0.3 0.0736806299728 4.0 0.8 0.42 90.0 right 1 283.680233002 284.104184866 284.516401052 285.590054989
123 0.3 0.3 -1 0.3 0.2 4.0 0.8 0.42 90.0 left 1 285.623326063 286.047344923 286.459359884 288.074604988
124 0.3 0.3 1 0.3 0.0736806299728 4.0 0.6 0.42 22.0 right 1 288.108115911 288.531980991 288.944212914 289.935266972
125 0.3 0.3 1 0.3 0.04472135955 4.0 0.4 0.42 22.0 right 1 289.96875 290.392461061 290.804835081 291.972816944
126 0.3 0.3 -1 0.3 0.121392446201 4.0 0.2 0.42 90.0 left 1 292.006032944 292.429903984 292.842088938 294.339748859
127 0.3 0.3 1 0.3 0.01 4.0 0.0 0.42 22.0 right 1 294.37283802 294.79686904 295.209017992 296.164942026
128 0.3 0.3 -1 0.3 0.0271441761659 4.0 0.0 0.42 22.0 right 0 296.198091984 296.622042894 297.03421998 298.155247927
129 0.3 0.3 1 0.3 0.0164754897244 4.0 0.0 0.42 22.0 left 0 298.188431025 298.612307072 299.024482012 300.109596014
130 0.3 0.3 -1 0.3 0.0271441761659 4.0 0.2 0.42 90.0 right 0 300.143244982 300.567046881 300.97922802 302.417937994
131 0.3 0.3 -1 0.3 0.0736806299728 4.0 0.2 0.42 22.0 left 1 302.45135808 302.875217915 303.287251949 304.537513971
132 0.3 0.3 -1 0.3 0.0736806299728 4.0 0.0 0.42 90.0 left 1 304.570965052 304.994943857 305.407140017 306.433682919
133 0.3 0.3 1 0.3 0.0736806299728 4.0 0.0 0.42 90.0 right 1 306.466861963 306.890837908 307.302989006 308.200028896
134 0.3 0.3 1 0.3 0.0271441761659 4.0 0.0 0.42 90.0 right 1 308.233381033 308.657168865 309.069333076 310.884876013
135 0.3 0.3 1 0.3 0.0164754897244 4.0 0.6 0.42 22.0 right 1 310.918261051 311.342211008 311.754405975 312.745688915
136 0.3 0.3 1 0.3 0.0271441761659 4.0 0.0 0.42 22.0 right 1 312.778898954 313.202791929 313.615035057 314.641552925
137 0.3 0.3 -1 0.3 0.2 4.0 0.8 0.42 22.0 left 1 314.674674034 315.098666906 315.510885 316.984853983
138 0.3 0.3 -1 0.3 0.0271441761659 4.0 0.8 0.42 22.0 left 1 317.018157959 317.442120075 317.854328871 319.045669079
139 0.3 0.3 1 0.3 0.01 4.0 0.6 0.42 22.0 left 0 319.078875065 319.50295186 319.915169954 320.847267866
140 0.3 0.3 -1 0.3 0.0736806299728 4.0 0.0 0.42 22.0 left 1 320.88062501 321.304682016 321.716860056 322.708086014
141 0.3 0.3 -1 0.3 0.0736806299728 4.0 0.6 0.42 90.0 left 1 525.701137066 526.125200033 526.537303925 527.493094921
142 0.3 0.3 -1 0.3 0.0164754897244 4.0 0.4 0.42 22.0 left 1 527.526543856 527.950371981 528.36255002 529.342167854
143 0.3 0.3 1 0.3 0.2 4.0 0.4 0.42 90.0 right 1 529.387121916 529.811125994 530.223232985 531.273109913
144 0.3 0.3 1 0.3 0.121392446201 4.0 0.8 0.42 90.0 right 1 531.306555033 531.730484962 532.142756939 533.33433485
145 0.3 0.3 -1 0.3 0.0164754897244 4.0 0.8 0.42 22.0 left 1 533.367407084 533.791301966 534.203511953 535.536189079
146 0.3 0.3 -1 0.3 0.0164754897244 4.0 0.6 0.42 90.0 right 0 535.569581985 535.993502855 536.40563798 537.585190058
147 0.3 0.3 -1 0.3 0.0164754897244 4.0 0.4 0.42 90.0 right 0 537.618515968 538.04253602 538.454632044 539.387075901
148 0.3 0.3 1 0.3 0.0164754897244 4.0 0.0 0.42 22.0 right 1 539.42028594 539.84415102 540.256350994 541.188886881
149 0.3 0.3 -1 0.3 0.04472135955 4.0 0.6 0.42 90.0 right 0 541.222080946 541.645876884 542.058140993 542.990180016
150 0.3 0.3 -1 0.3 0.121392446201 4.0 0.6 0.42 22.0 left 1 543.023673058 543.447759867 543.859782934 546.299418926
151 0.3 0.3 -1 0.3 0.0736806299728 4.0 0.2 0.42 22.0 left 1 546.332934856 546.756793976 547.168880939 548.254065037
152 0.3 0.3 1 0.3 0.121392446201 4.0 0.6 0.42 22.0 right 1 548.287729979 548.711632967 549.123825073 550.703763962
153 0.3 0.3 -1 0.3 0.2 4.0 0.8 0.42 22.0 left 1 550.737086058 551.160937071 551.573180914 552.59958601
154 0.3 0.3 1 0.3 0.2 4.0 0.0 0.42 90.0 right 1 552.632992983 553.056822062 553.469070911 554.625000954
155 0.3 0.3 -1 0.3 0.0271441761659 4.0 0.6 0.42 90.0 left 1 554.658455849 555.082504988 555.494632006 557.18057394
156 0.3 0.3 1 0.3 0.2 4.0 0.8 0.42 22.0 right 1 557.213928938 557.637851 558.050075054 560.372286081
157 0.3 0.3 -1 0.3 0.01 4.0 0.6 0.42 22.0 right 0 560.405210018 560.829176903 561.241343021 562.326495886
158 0.3 0.3 1 0.3 0.0736806299728 4.0 0.8 0.42 90.0 right 1 562.360108852 562.78399992 563.196153879 564.199312925
159 0.3 0.3 1 0.3 0.01 4.0 0.0 0.42 22.0 right 1 564.232296944 564.656319857 565.068593025 566.118603945
160 0.3 0.3 1 0.3 0.0164754897244 4.0 0.2 0.42 90.0 left 0 566.151942015 566.575849056 566.988044024 568.344375849
161 0.3 0.3 -1 0.3 0.0736806299728 4.0 0.2 0.42 90.0 left 1 568.377575874 568.801452875 569.213578939 570.46389389
162 0.3 0.3 -1 0.3 0.0271441761659 4.0 0.8 0.42 90.0 right 0 570.497278929 570.921089888 571.333343029 573.101410866
163 0.3 0.3 -1 0.3 0.0271441761659 4.0 0.8 0.42 22.0 left 1 573.135094881 573.558995008 573.97113204 575.150677919
164 0.3 0.3 -1 0.3 0.0164754897244 4.0 0.6 0.42 22.0 left 1 575.18414402 575.608078957 576.020104885 577.094012022
165 0.3 0.3 1 0.3 0.01 4.0 0.4 0.42 22.0 left 0 577.127125978 577.551012039 577.96330905 578.942580938
166 0.3 0.3 1 0.3 0.2 4.0 0.8 0.42 90.0 right 1 578.975965023 579.399973869 579.812142849 580.909530878
167 0.3 0.3 1 0.3 0.2 4.0 0.2 0.42 90.0 right 1 580.942617893 581.366517067 581.778697014 583.135024071
168 0.3 0.3 -1 0.3 0.0271441761659 4.0 0.0 0.42 90.0 left 1 583.168259859 583.592159033 584.00432086 586.220630884
169 0.3 0.3 1 0.3 0.0271441761659 4.0 0.0 0.42 90.0 right 1 586.26524806 586.689337969 587.10145092 588.375223875
170 0.3 0.3 -1 0.3 0.04472135955 4.0 0.2 0.42 22.0 left 1 588.408684015 588.832566977 589.244576931 590.247467995
171 0.3 0.3 1 0.3 0.121392446201 4.0 0.8 0.42 22.0 right 1 590.28093791 590.705024004 591.117120028 592.284729004
172 0.3 0.3 -1 0.3 0.0736806299728 4.0 0.6 0.42 22.0 left 1 592.318279028 592.742240906 593.154339075 594.18076992
173 0.3 0.3 1 0.3 0.121392446201 4.0 0.0 0.42 90.0 right 1 594.214235067 594.638005972 595.050320864 596.135629892
174 0.3 0.3 1 0.3 0.0164754897244 4.0 0.4 0.42 22.0 left 0 596.169064045 596.592967987 597.005073071 598.172842026
175 0.3 0.3 -1 0.3 0.01 4.0 0.4 0.42 22.0 left 1 598.206130028 598.630111933 599.042402029 600.339555979
176 0.3 0.3 1 0.3 0.121392446201 4.0 0.4 0.42 90.0 right 1 600.373105049 600.797065973 601.209195852 602.45965004
177 0.3 0.3 -1 0.3 0.01 4.0 0.8 0.42 22.0 right 0 602.492691994 602.916646004 603.328855991 604.637811899
178 0.3 0.3 1 0.3 0.04472135955 4.0 0.4 0.42 22.0 right 1 604.671376944 605.095263958 605.507441998 606.463249922
179 0.3 0.3 -1 0.3 0.0271441761659 4.0 0.4 0.42 90.0 right 0 606.496608973 606.920480967 607.332598925 608.559440851
180 0.3 0.3 -1 0.3 0.2 4.0 0.8 0.42 90.0 left 1 608.592794895 609.016754866 609.428793907 611.32662487
181 0.3 0.3 1 0.3 0.0736806299728 4.0 0.2 0.42 90.0 right 1 611.359961987 611.784052849 612.196188927 613.281513929
182 0.3 0.3 1 0.3 0.0736806299728 4.0 0.4 0.42 90.0 right 1 613.314960003 613.738880873 614.151056051 615.118526936
183 0.3 0.3 1 0.3 0.04472135955 4.0 0.6 0.42 90.0 right 1 615.151835918 615.575952053 615.988121986 617.038244963
184 0.3 0.3 1 0.3 0.2 4.0 0.6 0.42 22.0 right 1 617.071469069 617.495320082 617.907537937 621.05360198
185 0.3 0.3 -1 0.3 0.0736806299728 4.0 0.4 0.42 90.0 left 1 621.087110996 621.511092901 621.923243999 623.397043943
186 0.3 0.3 1 0.3 0.0271441761659 4.0 0.8 0.42 22.0 right 1 623.430485964 623.85443306 624.266550064 625.198930025
187 0.3 0.3 1 0.3 0.01 4.0 0.0 0.42 90.0 left 0 625.232274055 625.656254053 626.068392992 627.035860062
188 0.3 0.3 -1 0.3 0.04472135955 4.0 0.6 0.42 22.0 left 1 627.069338083 627.49328804 627.905405045 628.884784937
189 0.3 0.3 1 0.3 0.0271441761659 4.0 0.2 0.42 22.0 right 1 628.918252945 629.342097044 629.754199028 630.827648878
190 0.3 0.3 1 0.3 0.0271441761659 4.0 0.6 0.42 90.0 left 0 630.86114502 631.285002947 631.697174072 632.700020075
191 0.3 0.3 1 0.3 0.04472135955 4.0 0.0 0.42 90.0 right 1 632.733644962 633.157538891 633.569656849 634.643351078
192 0.3 0.3 1 0.3 0.0164754897244 4.0 0.6 0.42 22.0 right 1 634.688471079 635.11230588 635.524535894 636.692193985
193 0.3 0.3 1 0.3 0.04472135955 4.0 0.8 0.42 22.0 right 1 636.725684881 637.14951396 637.561588049 638.835594893
194 0.3 0.3 1 0.3 0.2 4.0 0.2 0.42 22.0 right 1 638.868785858 639.292793989 639.704869032 642.509789944
195 0.3 0.3 1 0.3 0.04472135955 4.0 0.0 0.42 22.0 right 1 642.542999029 642.966909885 643.379071951 644.511698961
196 0.3 0.3 -1 0.3 0.0271441761659 4.0 0.4 0.42 22.0 left 1 644.545017004 644.968896866 645.380922079 646.336648941
197 0.3 0.3 1 0.3 0.0164754897244 4.0 0.8 0.42 22.0 right 1 646.370087862 646.794049025 647.206389904 648.409628868
198 0.3 0.3 -1 0.3 0.01 4.0 0.6 0.42 90.0 right 0 648.442765951 648.866719007 649.278908014 650.788785934
199 0.3 0.3 1 0.3 0.0164754897244 4.0 0.0 0.42 90.0 right 1 650.821434021 651.245463848 651.657516956 652.636926889
200 0.3 0.3 1 0.3 0.0271441761659 4.0 0.4 0.42 22.0 right 1 652.670350075 653.094336033 653.506448984 654.521233082
201 0.3 0.3 -1 0.3 0.01 4.0 0.2 0.42 22.0 right 0 654.554580927 654.978538036 655.390677929 656.499664068
202 0.3 0.3 -1 0.3 0.04472135955 4.0 0.4 0.42 22.0 left 1 656.532837868 656.956907988 657.369003057 658.501527071
203 0.3 0.3 1 0.3 0.2 4.0 0.6 0.42 90.0 right 1 658.534869909 658.958889008 659.371016979 661.044971943
204 0.3 0.3 -1 0.3 0.04472135955 4.0 0.8 0.42 90.0 left 1 661.078574896 661.502434969 661.914562941 662.917458057
205 0.3 0.3 1 0.3 0.0164754897244 4.0 0.2 0.42 22.0 right 1 662.950886011 663.374753952 663.786854029 665.484897852
206 0.3 0.3 -1 0.3 0.01 4.0 0.0 0.42 22.0 right 0 665.518110991 665.941973925 666.354121923 667.368991852
207 0.3 0.3 1 0.3 0.121392446201 4.0 0.0 0.42 22.0 right 1 667.402196884 667.826075077 668.238204002 669.46496892
208 0.3 0.3 -1 0.3 0.121392446201 4.0 0.0 0.42 90.0 left 1 669.498293877 669.922209024 670.334449053 671.585026979
209 0.3 0.3 1 0.3 0.0271441761659 4.0 0.2 0.42 90.0 right 1 671.618042946 672.041990995 672.454146862 673.492639065
210 0.3 0.3 1 0.3 0.01 4.0 0.6 0.42 90.0 left 0 673.525842905 673.949717999 674.361935854 675.364795923
211 0.3 0.3 1 0.3 0.01 4.0 0.6 0.42 22.0 right 1 675.398145914 675.821985006 676.234205008 677.543663979
212 0.3 0.3 -1 0.3 0.2 4.0 0.4 0.42 22.0 left 1 677.576688051 678.000653028 678.412724972 679.721862078
213 0.3 0.3 -1 0.3 0.121392446201 4.0 0.4 0.42 22.0 left 1 679.755254984 680.179127932 680.591390848 681.594198942
214 0.3 0.3 -1 0.3 0.01 4.0 0.2 0.42 90.0 left 1 681.627722025 682.051589012 682.463754892 683.372573853
215 0.3 0.3 1 0.3 0.0736806299728 4.0 0.6 0.42 22.0 right 1 683.405865908 683.829747915 684.241921902 685.245177984
216 0.3 0.3 -1 0.3 0.2 4.0 0.0 0.42 22.0 left 1 685.278234005 685.70220089 686.114256859 687.423510075
217 0.3 0.3 -1 0.3 0.121392446201 4.0 0.6 0.42 90.0 left 1 687.456879854 687.880755901 688.292948008 689.343170881
218 0.3 0.3 -1 0.3 0.0736806299728 4.0 0.0 0.42 90.0 left 1 689.376231909 689.800179005 690.212321997 691.038532972
219 0.3 0.3 -1 0.3 0.0164754897244 4.0 0.8 0.42 90.0 right 0 691.072090864 691.495975018 691.908110857 693.32298708
220 0.3 0.3 -1 0.3 0.0736806299728 4.0 0.4 0.42 22.0 left 1 693.356595993 693.780457973 694.192576885 695.19547987
221 0.3 0.3 1 0.3 0.0271441761659 4.0 0.4 0.42 90.0 right 1 695.229022026 695.652972937 696.064938068 697.056200027
222 0.3 0.3 1 0.3 0.0736806299728 4.0 0.0 0.42 22.0 right 1 697.089577913 697.513556957 697.925659895 699.164111853
223 0.3 0.3 1 0.3 0.01 4.0 0.2 0.42 90.0 left 0 699.19747591 699.621479988 700.033684969 701.083710909
224 0.3 0.3 1 0.3 0.0736806299728 4.0 0.2 0.42 22.0 right 1 701.117042065 701.540874004 701.953047037 702.920836926
225 0.3 0.3 -1 0.3 0.0164754897244 4.0 0.2 0.42 22.0 right 0 702.953990936 703.377940893 703.790089846 704.96995306
226 0.3 0.3 1 0.3 0.01 4.0 0.4 0.42 90.0 left 0 705.003038883 705.427057028 705.839245081 706.830837965
227 0.3 0.3 -1 0.3 0.04472135955 4.0 0.8 0.42 22.0 left 1 706.86363101 707.287657022 707.699743032 708.585258961
228 0.3 0.3 1 0.3 0.0271441761659 4.0 0.0 0.42 22.0 right 1 708.630151987 709.054018021 709.466222048 710.457352877
229 0.3 0.3 1 0.3 0.121392446201 4.0 0.6 0.42 90.0 right 1 710.49077487 710.914692879 711.326894045 714.355125904
230 0.3 0.3 -1 0.3 0.2 4.0 0.2 0.42 90.0 left 1 714.388571024 714.812551975 715.224720001 716.769262075
231 0.3 0.3 -1 0.3 0.04472135955 4.0 0.4 0.42 90.0 left 1 716.814457893 717.238404036 717.650624037 718.72419405
232 0.3 0.3 1 0.3 0.01 4.0 0.8 0.42 22.0 left 0 718.757387877 719.181298971 719.59356308 720.608299017
233 0.3 0.3 1 0.3 0.01 4.0 0.8 0.42 90.0 left 0 720.641561985 721.06567502 721.477793932 722.410109997
234 0.3 0.3 1 0.3 0.0736806299728 4.0 0.8 0.42 22.0 right 1 722.443337917 722.867280006 723.279470921 724.376906872
235 0.3 0.3 1 0.3 0.2 4.0 0.4 0.42 22.0 right 1 724.409996033 724.83394289 725.246016026 727.038045883
236 0.3 0.3 1 0.3 0.0271441761659 4.0 0.8 0.42 90.0 left 0 727.071328878 727.495338917 727.907378912 729.098823071
237 0.3 0.3 -1 0.3 0.0271441761659 4.0 0.0 0.42 22.0 left 1 729.132124901 729.556020021 729.968220949 731.006737947
238 0.3 0.3 -1 0.3 0.121392446201 4.0 0.8 0.42 90.0 left 1 731.039962053 731.463937998 731.87608099 733.5387609
239 0.3 0.3 1 0.3 0.2 4.0 0.0 0.42 22.0 right 1 733.57167387 733.995733023 734.40774107 735.752439976
240 0.3 0.3 1 0.3 0.0736806299728 4.0 0.6 0.42 90.0 right 1 735.785718918 736.209508896 736.621582985 737.801465034
241 0.3 0.3 1 0.3 0.04472135955 4.0 0.6 0.42 22.0 right 1 737.834737062 738.258574009 738.670691967 739.720759869
242 0.3 0.3 1 0.3 0.0164754897244 4.0 0.4 0.42 90.0 left 0 739.754142046 740.178164005 740.590287924 741.734627008
243 0.3 0.3 1 0.3 0.0271441761659 4.0 0.6 0.42 22.0 left 0 741.767829895 742.191735983 742.603863955 743.653944016
244 0.3 0.3 1 0.3 0.04472135955 4.0 0.8 0.42 90.0 left 0 743.687314034 744.111299038 744.523293018 747.410451889
245 0.3 0.3 -1 0.3 0.01 4.0 0.0 0.42 90.0 left 1 747.443966866 747.867905855 748.279881954 749.412497044
246 0.3 0.3 -1 0.3 0.01 4.0 0.8 0.42 90.0 right 0 749.445793867 749.869771957 750.281946898 751.296436071
247 0.3 0.3 -1 0.3 0.2 4.0 0.6 0.42 90.0 left 1 751.329977036 751.753838062 752.166158915 753.416446924
248 0.3 0.3 1 0.3 0.0164754897244 4.0 0.6 0.42 90.0 right 1 753.449678898 753.873662949 754.285757065 755.983840942
249 0.3 0.3 -1 0.3 0.0736806299728 4.0 0.0 0.42 22.0 left 1 756.028536081 756.452461958 756.864572048 757.891279936
250 0.3 0.3 -1 0.3 0.0164754897244 4.0 0.2 0.42 90.0 left 1 757.924632072 758.348582983 758.760690928 760.752737999
251 0.3 0.3 -1 0.3 0.121392446201 4.0 0.0 0.42 22.0 left 1 760.786022902 761.210135937 761.622181892 763.272639036
252 0.3 0.3 -1 0.3 0.0736806299728 4.0 0.8 0.42 22.0 left 1 763.306310892 763.730228901 764.142341852 765.145372868
253 0.3 0.3 1 0.3 0.04472135955 4.0 0.2 0.42 90.0 right 1 765.178567886 765.602447033 766.014590025 767.158987999
254 0.3 0.3 -1 0.3 0.2 4.0 0.4 0.42 90.0 left 1 767.192344904 767.61628294 768.028454065 770.161772013
255 0.3 0.3 1 0.3 0.04472135955 4.0 0.2 0.42 22.0 right 1 770.195179939 770.619118929 771.031283855 772.257907867
256 0.3 0.3 -1 0.3 0.121392446201 4.0 0.4 0.42 90.0 left 1 772.291346073 772.715168953 773.12746501 774.507169008
257 0.3 0.3 1 0.3 0.0736806299728 4.0 0.4 0.42 22.0 right 1 774.540499926 774.964488983 775.376674891 776.544149876
258 0.3 0.3 1 0.3 0.121392446201 4.0 0.4 0.42 22.0 right 1 776.577784061 777.001658916 777.413910866 778.97013402
259 0.3 0.3 -1 0.3 0.0271441761659 4.0 0.2 0.42 22.0 left 1 779.003713846 779.427582979 779.839756966 780.913398981
260 0.3 0.3 -1 0.3 0.2 4.0 0.6 0.42 22.0 left 1 780.946727991 781.370712042 781.782855034 784.610924959
261 0.3 0.3 -1 0.3 0.04472135955 4.0 0.0 0.42 90.0 left 1 784.644392967 785.068338871 785.480540991 786.612923861
262 0.3 0.3 -1 0.3 0.04472135955 4.0 0.0 0.42 22.0 left 1 786.646199942 787.070258856 787.482347012 788.544761896
263 0.3 0.3 -1 0.3 0.0164754897244 4.0 0.0 0.42 22.0 left 1 788.577655077 789.001518011 789.413692951 790.34600091
264 0.3 0.3 -1 0.3 0.121392446201 4.0 0.2 0.42 22.0 left 1 790.379364967 790.803287983 791.21534586 793.196069956
265 0.3 0.3 -1 0.3 0.0271441761659 4.0 0.2 0.42 90.0 left 1 793.229115963 793.653022051 794.06514287 795.480022907
266 0.3 0.3 1 0.3 0.0164754897244 4.0 0.8 0.42 90.0 left 0 795.513620853 795.937612057 796.349804878 797.282017946
267 0.3 0.3 -1 0.3 0.2 4.0 0.0 0.42 90.0 left 1 797.315263987 797.739268064 798.151417971 799.542850971
268 0.3 0.3 -1 0.3 0.0164754897244 4.0 0.0 0.42 90.0 left 1 799.576294899 800.000357866 800.412425041 801.803859949
269 0.3 0.3 1 0.3 0.04472135955 4.0 0.4 0.42 90.0 right 1 801.837271929 802.261270046 802.673512936 803.841224909
270 0.3 0.3 -1 0.3 0.04472135955 4.0 0.2 0.42 90.0 left 1 803.874606848 804.298580885 804.710725069 805.713747025
271 0.3 0.3 -1 0.3 0.0271441761659 4.0 0.6 0.42 22.0 left 1 805.747041941 806.17090106 806.583163023 807.809808016
272 0.3 0.3 1 0.3 0.0736806299728 4.0 0.0 0.42 90.0 right 1 807.843127966 808.267138958 808.679337978 809.741504908
273 0.3 0.3 -1 0.3 0.0736806299728 4.0 0.8 0.42 90.0 left 1 809.774422884 810.198310852 810.610579014 811.707578897
274 0.3 0.3 1 0.3 0.01 4.0 0.2 0.42 22.0 right 1 811.740952969 812.165019035 812.577214956 813.886348963
275 0.3 0.3 -1 0.3 0.01 4.0 0.4 0.42 90.0 right 0 813.931305885 814.35530901 814.767479897 816.324364901
276 0.3 0.3 -1 0.3 0.2 4.0 0.2 0.42 22.0 left 1 816.357153893 816.781223059 817.19333005 819.315049887
277 0.3 0.3 1 0.3 0.121392446201 4.0 0.2 0.42 90.0 right 1 819.348361969 819.772162914 820.18441391 821.84700799
278 0.3 0.3 -1 0.3 0.121392446201 4.0 0.8 0.42 22.0 left 1 821.880104065 822.303995848 822.716276884 824.26079607
279 0.3 0.3 -1 0.3 0.121392446201 4.0 0.2 0.42 90.0 left 1 824.294350863 824.718304873 825.130415916 826.333881855
280 0.3 0.3 1 0.3 0.121392446201 4.0 0.2 0.42 22.0 right 1 826.378710032 826.802599907 827.214727879 828.311758995
