trial durationPreFixation durationFixation direction durationGrating duration speed phaseIni contrast size response correct time_onset time_fixation time_stimulus time_response
1 0.3 0.3 -1 0.3 0.2 4.0 0.4 0.42 90.0 right 0 28.7117071152 29.1332061291 29.5453829765 30.5472099781
2 0.3 0.3 1 0.3 0.121392446201 4.0 0.2 0.42 22.0 right 1 30.5934560299 31.0174279213 31.4295840263 32.1738669872
3 0.3 0.3 -1 0.3 0.04472135955 4.0 0.0 0.42 90.0 left 1 32.2068150043 32.6307461262 33.0428240299 33.8340361118
4 0.3 0.3 1 0.3 0.04472135955 4.0 0.4 0.42 90.0 right 1 33.8672440052 34.291228056 34.7032589912 35.5531420708
5 0.3 0.3 -1 0.3 0.121392446201 4.0 0.6 0.42 90.0 left 1 35.5866320133 36.0105159283 36.4225490093 37.1546919346
6 0.3 0.3 -1 0.3 0.2 4.0 0.6 0.42 22.0 left 1 37.1880059242 37.6120140553 38.0242800713 38.8041861057
7 0.3 0.3 -1 0.3 0.0164754897244 4.0 0.2 0.42 22.0 right 0 38.8366680145 39.2605929375 39.6728770733 40.5225660801
8 0.3 0.3 1 0.3 0.0271441761659 4.0 0.6 0.42 90.0 left 0 40.5560901165 40.9799520969 41.3921599388 42.1243870258
9 0.3 0.3 1 0.3 0.0164754897244 4.0 0.8 0.42 90.0 left 0 42.1575939655 42.5815091133 42.9936540127 43.973088026
10 0.3 0.3 1 0.3 0.0271441761659 4.0 0.2 0.42 22.0 right 1 44.0065090656 44.4303309917 44.842443943 45.8100409508
11 0.3 0.3 1 0.3 0.2 4.0 0.0 0.42 90.0 right 1 45.8435630798 46.2674460411 46.679623127 47.6117420197
12 0.3 0.3 -1 0.3 0.2 4.0 0.6 0.42 90.0 left 1 47.6452150345 48.0690820217 48.4812150002 49.7788441181
13 0.3 0.3 -1 0.3 0.0164754897244 4.0 0.0 0.42 22.0 right 0 49.8120779991 50.2359800339 50.6481499672 51.4978821278
14 0.3 0.3 -1 0.3 0.0736806299728 4.0 0.8 0.42 90.0 right 0 51.5312790871 51.9552149773 52.3673329353 53.1701059341
15 0.3 0.3 -1 0.3 0.0271441761659 4.0 0.6 0.42 22.0 right 0 53.2034730911 53.6273839474 54.0394690037 54.8541469574
16 0.3 0.3 -1 0.3 0.01 4.0 0.8 0.42 22.0 right 0 54.8875000477 55.3114690781 55.7235898972 56.6324651241
17 0.3 0.3 1 0.3 0.01 4.0 0.8 0.42 90.0 left 0 56.6773190498 57.1012411118 57.5135259628 58.5872280598
18 0.3 0.3 -1 0.3 0.04472135955 4.0 0.6 0.42 90.0 right 0 58.6205189228 59.0444040298 59.4566390514 60.3533329964
19 0.3 0.3 1 0.3 0.0736806299728 4.0 0.2 0.42 90.0 right 1 60.386783123 60.8107700348 61.2228760719 62.0372309685
20 0.3 0.3 -1 0.3 0.01 4.0 0.2 0.42 90.0 right 0 62.0707781315 62.4948279858 62.9069879055 63.8273460865
21 0.3 0.3 -1 0.3 0.01 4.0 0.0 0.42 22.0 right 0 63.8606441021 64.2846651077 64.6968050003 65.5232200623
22 0.3 0.3 1 0.3 0.01 4.0 0.2 0.42 90.0 right 1 65.5565099716 65.980381012 66.3926029205 67.7958610058
23 0.3 0.3 -1 0.3 0.0271441761659 4.0 0.0 0.42 90.0 right 0 67.8293550014 68.2532589436 68.6654620171 69.5155379772
24 0.3 0.3 1 0.3 0.0271441761659 4.0 0.4 0.42 90.0 left 0 69.5487089157 69.972479105 70.3847141266 71.2111299038
25 0.3 0.3 1 0.3 0.01 4.0 0.8 0.42 22.0 left 0 71.2443060875 71.6682510376 72.0803561211 73.059869051
26 0.3 0.3 -1 0.3 0.121392446201 4.0 0.0 0.42 90.0 right 0 73.0931260586 73.5170969963 73.9292080402 74.9438199997
27 0.3 0.3 1 0.3 0.01 4.0 0.4 0.42 90.0 right 1 74.9772799015 75.4012150764 75.8133471012 76.6752429008
28 0.3 0.3 1 0.3 0.0736806299728 4.0 0.4 0.42 90.0 right 1 76.708450079 77.1323621273 77.544533968 78.3589830399
29 0.3 0.3 -1 0.3 0.01 4.0 0.8 0.42 90.0 right 0 78.3923809528 78.816298008 79.228497982 80.0663590431
30 0.3 0.3 1 0.3 0.01 4.0 0.6 0.42 90.0 right 1 80.0998609066 80.5237789154 80.9359459877 81.8092050552
31 0.3 0.3 1 0.3 0.121392446201 4.0 0.2 0.42 90.0 right 1 81.8428111076 82.2667031288 82.678853035 83.4818041325
32 0.3 0.3 -1 0.3 0.0736806299728 4.0 0.4 0.42 22.0 left 1 83.5150399208 83.9388821125 84.3510699272 85.1541991234
33 0.3 0.3 1 0.3 0.2 4.0 0.2 0.42 90.0 left 0 85.1871550083 85.6110620499 86.0231409073 86.7913520336
34 0.3 0.3 -1 0.3 0.0164754897244 4.0 0.6 0.42 90.0 left 1 86.8239159584 87.2479820251 87.6600720882 88.5687029362
35 0.3 0.3 1 0.3 0.121392446201 4.0 0.8 0.42 90.0 left 0 88.602214098 89.0262579918 89.4383211136 90.2880539894
36 0.3 0.3 -1 0.3 0.121392446201 4.0 0.8 0.42 90.0 right 0 90.3215060234 90.7453770638 91.1576159 92.019092083
37 0.3 0.3 1 0.3 0.0164754897244 4.0 0.0 0.42 90.0 right 1 92.0525391102 92.4766430855 92.8886549473 93.8561880589
38 0.3 0.3 -1 0.3 0.0736806299728 4.0 0.0 0.42 90.0 right 0 93.889621973 94.3135659695 94.7257549763 95.5638659
39 0.3 0.3 1 0.3 0.0736806299728 4.0 0.2 0.42 22.0 right 1 95.5972111225 96.0211830139 96.4333460331 97.1769979
40 0.3 0.3 1 0.3 0.04472135955 4.0 0.0 0.42 22.0 right 1 97.2105231285 97.6342821121 98.0464959145 98.8139190674
41 0.3 0.3 1 0.3 0.0736806299728 4.0 0.6 0.42 22.0 right 1 98.8474199772 99.2713260651 99.6835100651 100.41535902
42 0.3 0.3 1 0.3 0.2 4.0 0.0 0.42 22.0 right 1 100.448846102 100.872879028 101.28498292 101.935324907
43 0.3 0.3 1 0.3 0.121392446201 4.0 0.0 0.42 22.0 right 1 101.96795392 102.392012119 102.80418396 103.478336096
44 0.3 0.3 1 0.3 0.04472135955 4.0 0.6 0.42 22.0 right 1 103.510596991 103.934510946 104.346758127 105.055036068
45 0.3 0.3 1 0.3 0.0164754897244 4.0 0.2 0.42 90.0 right 1 105.088692904 105.512579918 105.92473197 106.65696907
46 0.3 0.3 -1 0.3 0.0271441761659 4.0 0.2 0.42 90.0 right 0 106.6902771 107.114080906 107.526330948 108.352886915
47 0.3 0.3 -1 0.3 0.01 4.0 0.4 0.42 22.0 right 0 108.385925055 108.809895039 109.221946955 110.060070992
48 0.3 0.3 -1 0.3 0.0164754897244 4.0 0.8 0.42 22.0 right 0 110.093424082 110.517329931 110.929508924 111.673463106
49 0.3 0.3 -1 0.3 0.2 4.0 0.4 0.42 22.0 left 1 111.706723928 112.130688906 112.542828083 113.287557125
50 0.3 0.3 -1 0.3 0.121392446201 4.0 0.2 0.42 22.0 left 1 113.3200109 113.743947983 114.156182051 115.053133965
51 0.3 0.3 -1 0.3 0.0736806299728 4.0 0.6 0.42 90.0 left 1 115.086468935 115.510483027 115.922542095 116.819540024
52 0.3 0.3 1 0.3 0.2 4.0 0.4 0.42 22.0 right 1 116.852800131 117.276784897 117.688954115 118.53985405
53 0.3 0.3 -1 0.3 0.0271441761659 4.0 0.8 0.42 90.0 left 1 118.572252989 118.996099949 119.408306122 120.35223794
54 0.3 0.3 -1 0.3 0.0736806299728 4.0 0.2 0.42 90.0 left 1 120.385684967 120.809600115 121.221681118 122.060089111
55 0.3 0.3 -1 0.3 0.0271441761659 4.0 0.4 0.42 22.0 left 1 122.093285084 122.517251015 122.929316998 123.87332201
56 0.3 0.3 1 0.3 0.04472135955 4.0 0.8 0.42 90.0 left 0 123.906621933 124.330780983 124.742753983 125.710760117
57 0.3 0.3 -1 0.3 0.01 4.0 0.2 0.42 22.0 left 1 125.743844986 126.167649984 126.579914093 127.547337055
58 0.3 0.3 1 0.3 0.0736806299728 4.0 0.0 0.42 90.0 right 1 127.580862999 128.004668951 128.416929007 130.150147915
59 0.3 0.3 -1 0.3 0.121392446201 4.0 0.4 0.42 90.0 right 0 130.183330059 130.607178926 131.019376993 131.857490063
60 0.3 0.3 -1 0.3 0.0271441761659 4.0 0.8 0.42 22.0 right 0 131.890793085 132.314825058 132.726922989 133.847683907
61 0.3 0.3 -1 0.3 0.2 4.0 0.0 0.42 90.0 left 1 133.880962133 134.304913044 134.717041969 136.297229052
62 0.3 0.3 1 0.3 0.0736806299728 4.0 0.8 0.42 90.0 right 1 136.33043313 136.754311085 137.166531086 138.086903095
63 0.3 0.3 -1 0.3 0.0164754897244 4.0 0.2 0.42 90.0 left 1 138.120301962 138.544435024 138.956564903 139.900435925
64 0.3 0.3 1 0.3 0.0164754897244 4.0 0.6 0.42 22.0 left 0 139.933870077 140.357758999 140.770087957 141.631736994
65 0.3 0.3 1 0.3 0.01 4.0 0.4 0.42 22.0 left 0 141.664998055 142.088866949 142.500999928 143.315619946
66 0.3 0.3 1 0.3 0.04472135955 4.0 0.4 0.42 22.0 right 1 143.34886694 143.772848129 144.185023069 145.011559963
67 0.3 0.3 1 0.3 0.0271441761659 4.0 0.0 0.42 90.0 left 0 145.044699907 145.468532085 145.880772114 146.671467066
68 0.3 0.3 1 0.3 0.0271441761659 4.0 0.8 0.42 90.0 right 1 146.705145121 147.129019976 147.541167974 148.391005993
69 0.3 0.3 -1 0.3 0.0164754897244 4.0 0.6 0.42 22.0 right 0 148.424319983 148.84838891 149.260548115 150.180809975
70 0.3 0.3 -1 0.3 0.0164754897244 4.0 0.4 0.42 90.0 right 0 150.214397907 150.638369083 151.050516129 151.923945904
71 0.3 0.3 -1 0.3 0.2 4.0 0.8 0.42 90.0 right 0 151.957233906 152.381101131 152.793261051 153.749581099
72 0.3 0.3 -1 0.3 0.04472135955 4.0 0.8 0.42 22.0 left 1 153.794291973 154.218065977 154.63035512 155.574584007
73 0.3 0.3 -1 0.3 0.2 4.0 0.0 0.42 22.0 left 1 155.607852936 156.031745911 156.443943977 157.153038979
74 0.3 0.3 1 0.3 0.0736806299728 4.0 0.0 0.42 22.0 right 1 157.185729027 157.609780073 158.021820068 158.78949213
75 0.3 0.3 1 0.3 0.121392446201 4.0 0.4 0.42 22.0 right 1 158.834357977 159.258419037 159.670577049 160.449608088
76 0.3 0.3 1 0.3 0.0164754897244 4.0 0.2 0.42 22.0 left 0 160.48309207 160.906980991 161.319144011 162.333801985
77 0.3 0.3 -1 0.3 0.04472135955 4.0 0.6 0.42 22.0 left 1 162.367259026 162.791095018 163.203316927 164.053509951
78 0.3 0.3 1 0.3 0.04472135955 4.0 0.2 0.42 22.0 right 1 164.098181009 164.522197962 164.934336901 165.760630131
79 0.3 0.3 1 0.3 0.2 4.0 0.4 0.42 90.0 right 1 165.793998957 166.217916012 166.63013196 167.503657103
80 0.3 0.3 -1 0.3 0.01 4.0 0.6 0.42 90.0 right 0 167.536998034 167.960842133 168.372895956 169.21113205
81 0.3 0.3 1 0.3 0.0164754897244 4.0 0.4 0.42 90.0 right 1 169.244362116 169.668318033 170.080477953 170.942291021
82 0.3 0.3 -1 0.3 0.01 4.0 0.4 0.42 90.0 right 0 170.97550106 171.399506092 171.811602116 172.590687037
83 0.3 0.3 1 0.3 0.2 4.0 0.6 0.42 22.0 right 1 172.624136925 173.048132896 173.460314035 174.404134035
84 0.3 0.3 -1 0.3 0.121392446201 4.0 0.4 0.42 22.0 left 1 174.43751812 174.861650944 175.27380991 176.182298899
85 0.3 0.3 1 0.3 0.121392446201 4.0 0.8 0.42 22.0 right 1 176.215769053 176.639691114 177.051875114 177.901456118
86 0.3 0.3 1 0.3 0.04472135955 4.0 0.6 0.42 90.0 right 1 177.935126066 178.35906601 178.771099091 179.621184111
87 0.3 0.3 -1 0.3 0.121392446201 4.0 0.8 0.42 22.0 left 1 179.654495955 180.078404903 180.490530968 181.328572035
88 0.3 0.3 -1 0.3 0.0164754897244 4.0 0.0 0.42 90.0 right 0 181.361877918 181.785820007 182.19797492 183.071403027
89 0.3 0.3 1 0.3 0.0164754897244 4.0 0.6 0.42 90.0 right 1 183.104828119 183.528757095 183.940921068 184.779122114
90 0.3 0.3 -1 0.3 0.01 4.0 0.6 0.42 22.0 right 0 184.812317133 185.236236095 185.648306131 186.556946993
91 0.3 0.3 -1 0.3 0.0271441761659 4.0 0.2 0.42 22.0 right 0 186.590549946 187.014487028 187.426618099 188.205667019
92 0.3 0.3 1 0.3 0.121392446201 4.0 0.6 0.42 90.0 right 1 188.239186049 188.663063049 189.075182915 189.9489851
93 0.3 0.3 -1 0.3 0.0736806299728 4.0 0.6 0.42 22.0 left 1 189.993636131 190.41772604 190.829822063 191.703285933
94 0.3 0.3 -1 0.3 0.2 4.0 0.2 0.42 90.0 left 1 191.73664999 192.160608053 192.572676897 195.436465979
95 0.3 0.3 -1 0.3 0.0736806299728 4.0 0.0 0.42 22.0 left 1 195.469676971 195.893602133 196.305795908 197.132339001
96 0.3 0.3 1 0.3 0.121392446201 4.0 0.0 0.42 90.0 left 0 197.177042007 197.601013899 198.013122082 199.651952028
97 0.3 0.3 1 0.3 0.04472135955 4.0 0.8 0.42 22.0 right 1 199.685363054 200.109398127 200.52147603 201.335979939
98 0.3 0.3 1 0.3 0.0164754897244 4.0 0.0 0.42 22.0 left 0 201.369291067 201.793359041 202.2054739 203.255741119
99 0.3 0.3 1 0.3 0.2 4.0 0.8 0.42 90.0 right 1 203.28888607 203.71281004 204.124934912 204.764044046
100 0.3 0.3 1 0.3 0.01 4.0 0.0 0.42 90.0 left 0 204.807967901 205.231895924 205.64398694 206.646992922
101 0.3 0.3 -1 0.3 0.2 4.0 0.8 0.42 22.0 left 1 206.680303097 207.104327917 207.516437054 208.390017986
102 0.3 0.3 -1 0.3 0.04472135955 4.0 0.2 0.42 22.0 left 1 208.423324108 208.847121954 209.259282112 210.179968119
103 0.3 0.3 -1 0.3 0.0736806299728 4.0 0.8 0.42 22.0 left 1 210.225026131 210.648979902 211.061089039 212.004772902
104 0.3 0.3 1 0.3 0.2 4.0 0.6 0.42 90.0 right 1 212.038532972 212.462363958 212.874496937 213.5838871
105 0.3 0.3 1 0.3 0.0736806299728 4.0 0.6 0.42 90.0 right 1 213.616404057 214.040309906 214.452548027 215.243751049
106 0.3 0.3 -1 0.3 0.2 4.0 0.2 0.42 22.0 left 1 215.28854394 215.712491035 216.124712944 216.963661909
107 0.3 0.3 -1 0.3 0.0736806299728 4.0 0.4 0.42 90.0 left 1 216.996206999 217.420171022 217.832329988 218.646989107
108 0.3 0.3 -1 0.3 0.0736806299728 4.0 0.2 0.42 22.0 left 1 218.680277109 219.104110956 219.516271114 220.283800125
109 0.3 0.3 1 0.3 0.04472135955 4.0 0.2 0.42 90.0 right 1 220.328855038 220.752715111 221.164855003 221.979444981
110 0.3 0.3 -1 0.3 0.0164754897244 4.0 0.4 0.42 22.0 right 0 222.012782097 222.436645031 222.848764896 223.734311104
111 0.3 0.3 -1 0.3 0.04472135955 4.0 0.2 0.42 90.0 left 1 223.767369032 224.191317081 224.60355711 225.406222105
112 0.3 0.3 1 0.3 0.0271441761659 4.0 0.6 0.42 22.0 right 1 225.439525127 225.863598108 226.275566101 227.137341022
113 0.3 0.3 1 0.3 0.01 4.0 0.6 0.42 22.0 left 0 227.170540094 227.594566107 228.006757975 228.821175098
114 0.3 0.3 1 0.3 0.0271441761659 4.0 0.2 0.42 90.0 left 0 228.854566097 229.278531075 229.690690994 230.528764009
115 0.3 0.3 1 0.3 0.2 4.0 0.8 0.42 22.0 right 1 230.562098026 230.986140966 231.398294926 231.989701986
116 0.3 0.3 -1 0.3 0.0271441761659 4.0 0.4 0.42 90.0 left 1 232.022439957 232.446429014 232.858539104 233.684859991
117 0.3 0.3 1 0.3 0.04472135955 4.0 0.0 0.42 90.0 left 0 233.718066931 234.142045021 234.554151058 236.899707079
118 0.3 0.3 -1 0.3 0.01 4.0 0.0 0.42 90.0 right 0 236.932969093 237.356910944 237.768953085 238.654262066
119 0.3 0.3 -1 0.3 0.04472135955 4.0 0.0 0.42 22.0 left 1 238.687556028 239.111462116 239.523603916 240.397171974
120 0.3 0.3 -1 0.3 0.121392446201 4.0 0.2 0.42 90.0 left 1 240.43049407 240.85432291 241.266606092 242.104758024
121 0.3 0.3 -1 0.3 0.04472135955 4.0 0.4 0.42 90.0 left 1 242.137957096 242.561877966 242.974036932 243.835753918
122 0.3 0.3 1 0.3 0.01 4.0 0.2 0.42 22.0 right 1 243.868941069 244.292959929 244.705256939 245.872882128
123 0.3 0.3 1 0.3 0.01 4.0 0.0 0.42 22.0 right 1 245.906270981 246.330192089 246.74237895 247.827523947
124 0.3 0.3 1 0.3 0.0271441761659 4.0 0.4 0.42 22.0 left 0 247.861242056 248.285035133 248.697226048 249.570652008
125 0.3 0.3 -1 0.3 0.121392446201 4.0 0.6 0.42 22.0 left 1 249.615641117 250.039663076 250.451790094 251.24320507
126 0.3 0.3 1 0.3 0.0164754897244 4.0 0.8 0.42 22.0 left 0 251.2879529 251.711875916 252.124074936 253.150666952
127 0.3 0.3 -1 0.3 0.04472135955 4.0 0.8 0.42 90.0 left 1 253.183946133 253.607897043 254.020056009 255.070051908
128 0.3 0.3 1 0.3 0.0736806299728 4.0 0.4 0.42 22.0 right 1 255.103322029 255.52730608 255.939431906 256.765579939
129 0.3 0.3 1 0.3 0.121392446201 4.0 0.4 0.42 90.0 right 1 256.799139977 257.22307992 257.63519907 258.426480055
130 0.3 0.3 1 0.3 0.0164754897244 4.0 0.4 0.42 22.0 right 1 258.471256971 258.895189047 259.307378054 260.157464981
131 0.3 0.3 1 0.3 0.2 4.0 0.2 0.42 22.0 right 1 260.19066596 260.614530087 261.026659012 261.911854982
132 0.3 0.3 -1 0.3 0.0271441761659 4.0 0.6 0.42 90.0 right 0 261.945182085 262.369168997 262.781341076 264.160996914
133 0.3 0.3 1 0.3 0.0736806299728 4.0 0.8 0.42 22.0 right 1 264.194458961 264.618356943 265.030523062 265.797811985
134 0.3 0.3 -1 0.3 0.121392446201 4.0 0.0 0.42 22.0 left 1 265.831293106 266.25515604 266.667381048 267.587804079
135 0.3 0.3 -1 0.3 0.0164754897244 4.0 0.8 0.42 90.0 right 0 267.621275902 268.045125961 268.457293987 269.35433197
136 0.3 0.3 1 0.3 0.121392446201 4.0 0.6 0.42 22.0 right 1 269.387598991 269.81170392 270.223731995 271.05005002
137 0.3 0.3 -1 0.3 0.0271441761659 4.0 0.0 0.42 22.0 right 0 271.083530903 271.507328987 271.919456959 272.946176052
138 0.3 0.3 1 0.3 0.0271441761659 4.0 0.8 0.42 22.0 right 1 272.991069078 273.415071964 273.827197075 274.7243011
139 0.3 0.3 -1 0.3 0.04472135955 4.0 0.4 0.42 22.0 left 1 274.757458925 275.181427956 275.593620062 276.420051098
140 0.3 0.3 1 0.3 0.0271441761659 4.0 0.0 0.42 22.0 left 0 276.453263044 276.877207041 277.289354086 278.17444396
141 0.3 0.3 -1 0.3 0.121392446201 4.0 0.6 0.42 90.0 right 0 581.640590906 582.06457901 582.476709127 583.361789942
142 0.3 0.3 1 0.3 0.121392446201 4.0 0.6 0.42 22.0 right 1 583.395232916 583.81914711 584.231290102 584.987011909
143 0.3 0.3 -1 0.3 0.2 4.0 0.2 0.42 22.0 left 1 585.020359993 585.444242001 585.856360912 586.753319025
144 0.3 0.3 -1 0.3 0.0736806299728 4.0 0.0 0.42 90.0 right 0 586.786776066 587.210781097 587.622906923 588.531503916
145 0.3 0.3 1 0.3 0.01 4.0 0.2 0.42 90.0 right 1 588.564914942 588.988861084 589.400990963 590.356869936
146 0.3 0.3 -1 0.3 0.121392446201 4.0 0.4 0.42 22.0 left 1 590.390238047 590.814085007 591.226305962 591.958465099
147 0.3 0.3 -1 0.3 0.0164754897244 4.0 0.4 0.42 90.0 right 0 591.991753101 592.415592909 592.827843904 593.630677938
148 0.3 0.3 1 0.3 0.01 4.0 0.8 0.42 22.0 right 1 593.663912058 594.087908983 594.500071049 595.832845926
149 0.3 0.3 1 0.3 0.04472135955 4.0 0.2 0.42 90.0 right 1 595.866173983 596.290036917 596.702161074 597.551907063
150 0.3 0.3 1 0.3 0.0271441761659 4.0 0.4 0.42 90.0 right 1 597.585287094 598.009222031 598.421397924 599.306735039
151 0.3 0.3 1 0.3 0.2 4.0 0.2 0.42 90.0 right 1 599.340039015 599.763998985 600.17612505 602.392163992
152 0.3 0.3 1 0.3 0.01 4.0 0.0 0.42 22.0 left 0 602.425262928 602.849364996 603.261497974 604.570420027
153 0.3 0.3 -1 0.3 0.121392446201 4.0 0.6 0.42 22.0 left 1 604.603955984 605.027858019 605.440019131 606.336776972
154 0.3 0.3 -1 0.3 0.0271441761659 4.0 0.0 0.42 22.0 left 1 606.370358944 606.794203043 607.2062819 608.115014076
155 0.3 0.3 -1 0.3 0.0164754897244 4.0 0.4 0.42 22.0 left 1 608.148447037 608.572472095 608.984652996 609.834445953
156 0.3 0.3 -1 0.3 0.01 4.0 0.2 0.42 90.0 left 1 609.867752075 610.291687965 610.703855991 611.90695405
157 0.3 0.3 -1 0.3 0.2 4.0 0.6 0.42 22.0 left 1 611.940324068 612.364208937 612.776384115 613.802733898
158 0.3 0.3 -1 0.3 0.0736806299728 4.0 0.0 0.42 22.0 left 1 613.836275101 614.260204077 614.672365904 615.474945068
159 0.3 0.3 -1 0.3 0.0164754897244 4.0 0.0 0.42 90.0 right 0 615.508394003 615.932445049 616.344655037 617.418381929
160 0.3 0.3 -1 0.3 0.0271441761659 4.0 0.2 0.42 22.0 left 1 617.451512098 617.875466108 618.287601948 619.219968081
161 0.3 0.3 -1 0.3 0.0736806299728 4.0 0.6 0.42 90.0 right 0 619.253212929 619.677258015 620.089436054 622.081463099
162 0.3 0.3 1 0.3 0.04472135955 4.0 0.2 0.42 22.0 right 1 622.114959955 622.538794041 622.950838089 623.789107084
163 0.3 0.3 1 0.3 0.0736806299728 4.0 0.8 0.42 22.0 right 1 623.822382927 624.246342897 624.658483028 625.367062092
164 0.3 0.3 -1 0.3 0.04472135955 4.0 0.0 0.42 90.0 right 0 625.400397062 625.824337959 626.236515999 626.95656395
165 0.3 0.3 -1 0.3 0.0271441761659 4.0 0.2 0.42 90.0 right 0 626.990111113 627.413995981 627.826208115 628.534852028
166 0.3 0.3 -1 0.3 0.121392446201 4.0 0.8 0.42 22.0 left 1 628.568118095 628.991950989 629.404105902 630.289191008
167 0.3 0.3 -1 0.3 0.0736806299728 4.0 0.2 0.42 90.0 right 0 630.32280612 630.746709108 631.158873081 634.399275064
168 0.3 0.3 -1 0.3 0.01 4.0 0.6 0.42 90.0 right 0 634.432631016 634.856419086 635.268526077 636.730956078
169 0.3 0.3 1 0.3 0.0164754897244 4.0 0.6 0.42 22.0 right 1 636.764178038 637.188163042 637.600225925 638.556225061
170 0.3 0.3 -1 0.3 0.2 4.0 0.8 0.42 90.0 right 0 638.589586973 639.01334691 639.425662994 640.381603956
171 0.3 0.3 1 0.3 0.2 4.0 0.6 0.42 90.0 right 1 640.414806128 640.838750124 641.250926971 641.97202301
172 0.3 0.3 -1 0.3 0.0164754897244 4.0 0.6 0.42 22.0 left 1 642.004527092 642.428627014 642.840569019 644.232055902
173 0.3 0.3 -1 0.3 0.121392446201 4.0 0.8 0.42 90.0 right 0 644.265474081 644.689435005 645.101671934 647.128962994
174 0.3 0.3 1 0.3 0.0164754897244 4.0 0.0 0.42 22.0 right 1 647.16248107 647.586452961 647.998621941 648.977842093
175 0.3 0.3 1 0.3 0.0736806299728 4.0 0.2 0.42 22.0 right 1 649.011321068 649.435260057 649.847445011 650.744091034
176 0.3 0.3 -1 0.3 0.0736806299728 4.0 0.6 0.42 22.0 left 1 650.777653933 651.201482058 651.613724947 652.511008978
177 0.3 0.3 -1 0.3 0.0164754897244 4.0 0.0 0.42 22.0 right 0 652.543972015 652.968013048 653.380094051 654.524544954
178 0.3 0.3 -1 0.3 0.121392446201 4.0 0.0 0.42 90.0 left 1 654.557706118 654.981686115 655.393934011 656.467591047
179 0.3 0.3 1 0.3 0.0164754897244 4.0 0.6 0.42 90.0 left 0 656.500720978 656.924648046 657.336853981 658.304614067
180 0.3 0.3 -1 0.3 0.121392446201 4.0 0.2 0.42 22.0 left 1 658.337845087 658.761718988 659.173903942 659.953251123
181 0.3 0.3 1 0.3 0.121392446201 4.0 0.0 0.42 90.0 right 1 659.986526966 660.410430908 660.822613001 661.719429016
182 0.3 0.3 1 0.3 0.121392446201 4.0 0.4 0.42 22.0 right 1 661.752901077 662.176892042 662.589100122 663.368088961
183 0.3 0.3 1 0.3 0.04472135955 4.0 0.0 0.42 22.0 right 1 663.401575089 663.825532913 664.237653971 665.040555
184 0.3 0.3 1 0.3 0.0271441761659 4.0 0.0 0.42 90.0 right 1 665.073822975 665.497829914 665.909979105 666.700927973
185 0.3 0.3 -1 0.3 0.0271441761659 4.0 0.6 0.42 90.0 right 0 666.734249115 667.158153057 667.570318937 668.361381054
186 0.3 0.3 -1 0.3 0.04472135955 4.0 0.2 0.42 90.0 right 0 668.394582033 668.818509102 669.23071599 670.080382109
187 0.3 0.3 1 0.3 0.04472135955 4.0 0.8 0.42 22.0 right 1 670.113776922 670.537844896 670.950061083 671.72901392
188 0.3 0.3 1 0.3 0.0736806299728 4.0 0.8 0.42 90.0 right 1 671.762479067 672.186365128 672.598544121 673.401333094
189 0.3 0.3 -1 0.3 0.01 4.0 0.4 0.42 22.0 right 0 673.434705973 673.858702898 674.270848036 675.214890003
190 0.3 0.3 1 0.3 0.0736806299728 4.0 0.2 0.42 90.0 right 1 675.259978056 675.683851957 676.096142054 676.969705105
191 0.3 0.3 -1 0.3 0.0736806299728 4.0 0.4 0.42 90.0 right 0 677.002814054 677.426913023 677.838948011 678.63005209
192 0.3 0.3 -1 0.3 0.0271441761659 4.0 0.0 0.42 90.0 right 0 678.663288116 679.087249041 679.499363899 680.278701067
193 0.3 0.3 1 0.3 0.04472135955 4.0 0.8 0.42 90.0 right 1 680.311917067 680.73584795 681.148021936 681.950984955
194 0.3 0.3 1 0.3 0.121392446201 4.0 0.2 0.42 90.0 right 1 681.995803118 682.419797897 682.83197403 683.646584034
195 0.3 0.3 1 0.3 0.0736806299728 4.0 0.4 0.42 90.0 right 1 683.691625118 684.115488052 684.527729988 685.271842957
196 0.3 0.3 1 0.3 0.2 4.0 0.6 0.42 22.0 right 1 685.304944992 685.728811026 686.140979052 686.768005133
197 0.3 0.3 1 0.3 0.121392446201 4.0 0.2 0.42 22.0 right 1 686.800601959 687.224540949 687.636641026 688.310787916
198 0.3 0.3 1 0.3 0.01 4.0 0.6 0.42 90.0 right 1 688.343147039 688.767039061 689.179234982 690.358933926
199 0.3 0.3 1 0.3 0.01 4.0 0.8 0.42 90.0 left 0 690.39218998 690.816179037 691.228310108 692.855457067
200 0.3 0.3 -1 0.3 0.0164754897244 4.0 0.2 0.42 90.0 left 1 692.888721943 693.312623024 693.72479701 694.774781942
201 0.3 0.3 1 0.3 0.0736806299728 4.0 0.0 0.42 22.0 right 1 694.808182001 695.232230902 695.64437294 696.50604105
202 0.3 0.3 1 0.3 0.0736806299728 4.0 0.0 0.42 90.0 right 1 696.539343119 696.963136911 697.375417948 698.236782074
203 0.3 0.3 1 0.3 0.0164754897244 4.0 0.8 0.42 90.0 right 1 698.270325899 698.694221973 699.106507063 700.0860641
204 0.3 0.3 1 0.3 0.121392446201 4.0 0.4 0.42 90.0 right 1 700.130930901 700.554975033 700.967186928 701.641109943
205 0.3 0.3 -1 0.3 0.01 4.0 0.0 0.42 90.0 right 0 701.673578024 702.097558975 702.509735107 703.335999012
206 0.3 0.3 -1 0.3 0.04472135955 4.0 0.8 0.42 90.0 right 0 703.369349957 703.793281078 704.205461025 704.937694073
207 0.3 0.3 -1 0.3 0.0164754897244 4.0 0.8 0.42 22.0 right 0 704.970952988 705.394849062 705.806925058 706.598103046
208 0.3 0.3 1 0.3 0.0164754897244 4.0 0.4 0.42 90.0 right 1 706.631348133 707.055233955 707.467355013 707.975914955
209 0.3 0.3 -1 0.3 0.01 4.0 0.8 0.42 90.0 right 0 708.009186029 708.433140993 708.84524107 709.765806913
210 0.3 0.3 1 0.3 0.04472135955 4.0 0.0 0.42 90.0 right 1 709.810859919 710.234797001 710.646973133 711.461659908
211 0.3 0.3 1 0.3 0.2 4.0 0.2 0.42 22.0 right 1 711.506582022 711.930691957 712.342801094 712.910655022
212 0.3 0.3 -1 0.3 0.01 4.0 0.4 0.42 90.0 right 0 712.943390131 713.367208004 713.779382944 714.511502981
213 0.3 0.3 1 0.3 0.2 4.0 0.8 0.42 22.0 right 1 714.54490304 714.968806982 715.380907059 715.984558105
214 0.3 0.3 1 0.3 0.0736806299728 4.0 0.6 0.42 22.0 right 1 716.016905069 716.440721035 716.853013039 717.584904909
215 0.3 0.3 -1 0.3 0.0271441761659 4.0 0.4 0.42 90.0 left 1 717.618448973 718.042356968 718.454437971 719.327958107
216 0.3 0.3 -1 0.3 0.0271441761659 4.0 0.8 0.42 22.0 right 0 719.361160994 719.785109997 720.197309971 721.070550919
217 0.3 0.3 1 0.3 0.0164754897244 4.0 0.2 0.42 22.0 right 1 721.104002953 721.527988911 721.940253019 722.695795059
218 0.3 0.3 1 0.3 0.01 4.0 0.6 0.42 22.0 right 1 722.729146957 723.153142929 723.565236092 724.297245026
219 0.3 0.3 -1 0.3 0.0736806299728 4.0 0.2 0.42 22.0 left 1 724.330703974 724.754635096 725.16666007 726.063852072
220 0.3 0.3 1 0.3 0.121392446201 4.0 0.8 0.42 22.0 right 1 726.097172976 726.52116704 726.933222055 727.712383032
221 0.3 0.3 -1 0.3 0.2 4.0 0.0 0.42 22.0 left 1 727.74582696 728.169672012 728.581828117 729.549422026
222 0.3 0.3 1 0.3 0.01 4.0 0.0 0.42 90.0 left 0 729.582859993 730.006848097 730.418941975 731.410156012
223 0.3 0.3 -1 0.3 0.0736806299728 4.0 0.8 0.42 22.0 left 1 731.443462133 731.867398024 732.279575109 733.223572016
224 0.3 0.3 -1 0.3 0.04472135955 4.0 0.6 0.42 90.0 left 1 733.25699091 733.680860043 734.093034983 734.884098053
225 0.3 0.3 1 0.3 0.121392446201 4.0 0.6 0.42 90.0 right 1 734.917314053 735.341336012 735.753369093 736.685517073
226 0.3 0.3 1 0.3 0.2 4.0 0.4 0.42 90.0 right 1 736.7191329 737.143079042 737.555222034 738.558115005
227 0.3 0.3 1 0.3 0.01 4.0 0.2 0.42 22.0 left 0 738.59156394 739.015347958 739.42761302 740.736623049
228 0.3 0.3 -1 0.3 0.01 4.0 0.8 0.42 22.0 right 0 740.769975901 741.193897963 741.606055021 742.444242001
229 0.3 0.3 1 0.3 0.04472135955 4.0 0.6 0.42 90.0 left 0 742.477622986 742.901535988 743.313714027 744.257684946
230 0.3 0.3 -1 0.3 0.0736806299728 4.0 0.4 0.42 22.0 left 1 744.290992022 744.714999914 745.127133131 746.059405088
231 0.3 0.3 1 0.3 0.121392446201 4.0 0.0 0.42 22.0 right 1 746.092713118 746.516582966 746.928851128 747.84949708
232 0.3 0.3 1 0.3 0.2 4.0 0.0 0.42 22.0 right 1 747.882806063 748.306777954 748.718816996 749.545834064
233 0.3 0.3 -1 0.3 0.01 4.0 0.6 0.42 22.0 right 0 749.578426123 750.002342939 750.414536953 751.26437211
234 0.3 0.3 -1 0.3 0.04472135955 4.0 0.2 0.42 22.0 left 1 751.297899008 751.721719027 752.133923054 752.995646954
235 0.3 0.3 1 0.3 0.2 4.0 0.0 0.42 90.0 right 1 753.028876066 753.452811956 753.864953041 754.809142113
236 0.3 0.3 -1 0.3 0.2 4.0 0.6 0.42 90.0 right 0 754.842404127 755.266308069 755.678554058 757.246623993
237 0.3 0.3 -1 0.3 0.121392446201 4.0 0.2 0.42 90.0 right 0 757.279974937 757.703927994 758.116100073 759.06034708
238 0.3 0.3 -1 0.3 0.04472135955 4.0 0.8 0.42 22.0 left 1 759.105255127 759.529150009 759.941369057 760.885251045
239 0.3 0.3 1 0.3 0.0164754897244 4.0 0.4 0.42 22.0 right 1 760.918700933 761.3427279 761.75481391 762.875754118
240 0.3 0.3 1 0.3 0.0271441761659 4.0 0.6 0.42 90.0 left 0 762.908919096 763.332894087 763.744972944 764.606626987
241 0.3 0.3 -1 0.3 0.0271441761659 4.0 0.6 0.42 22.0 left 1 764.639961004 765.064029932 765.47608304 766.337820053
242 0.3 0.3 -1 0.3 0.2 4.0 0.4 0.42 22.0 left 1 766.37116909 766.795107126 767.207212925 768.304265022
243 0.3 0.3 1 0.3 0.0164754897244 4.0 0.0 0.42 90.0 left 0 768.337589025 768.761712074 769.173769951 770.01185298
244 0.3 0.3 -1 0.3 0.04472135955 4.0 0.4 0.42 22.0 left 1 770.045210123 770.469085932 770.8813591 771.684279919
245 0.3 0.3 1 0.3 0.0271441761659 4.0 0.8 0.42 90.0 left 0 771.717504025 772.141274929 772.553493023 773.462299109
246 0.3 0.3 -1 0.3 0.04472135955 4.0 0.4 0.42 90.0 left 1 773.495592117 773.919567108 774.331735134 775.134668112
247 0.3 0.3 1 0.3 0.2 4.0 0.4 0.42 22.0 right 1 775.16784811 775.591736078 776.003886938 776.959676981
248 0.3 0.3 -1 0.3 0.121392446201 4.0 0.0 0.42 22.0 left 1 776.993010998 777.417102098 777.829152107 778.808471918
249 0.3 0.3 1 0.3 0.0271441761659 4.0 0.4 0.42 22.0 right 1 778.841897011 779.265927076 779.678086042 780.610085011
250 0.3 0.3 1 0.3 0.04472135955 4.0 0.4 0.42 90.0 left 0 780.643594027 781.067589045 781.479744911 782.56499505
251 0.3 0.3 -1 0.3 0.2 4.0 0.4 0.42 90.0 left 1 782.598524094 783.022383928 783.434509039 784.484520912
252 0.3 0.3 1 0.3 0.0271441761659 4.0 0.6 0.42 22.0 right 1 784.517937899 784.94184804 785.354038 786.215686083
253 0.3 0.3 -1 0.3 0.121392446201 4.0 0.4 0.42 90.0 right 0 786.249093056 786.6728971 787.085099936 788.865303993
254 0.3 0.3 1 0.3 0.01 4.0 0.4 0.42 90.0 left 0 788.898698092 789.322654963 789.734759092 791.020144939
255 0.3 0.3 -1 0.3 0.2 4.0 0.0 0.42 90.0 left 1 791.053622007 791.477535009 791.889684916 795.671772003
256 0.3 0.3 -1 0.3 0.04472135955 4.0 0.6 0.42 22.0 left 1 795.705234051 796.129077911 796.541321993 797.403305054
257 0.3 0.3 1 0.3 0.0271441761659 4.0 0.0 0.42 22.0 left 0 797.447994947 797.87184906 798.284110069 799.204759121
258 0.3 0.3 -1 0.3 0.2 4.0 0.2 0.42 90.0 left 1 799.238069057 799.661881924 800.07404995 801.018146038
259 0.3 0.3 1 0.3 0.04472135955 4.0 0.6 0.42 22.0 right 1 801.051589012 801.475443125 801.887633085 803.243797064
260 0.3 0.3 1 0.3 0.2 4.0 0.8 0.42 90.0 right 1 803.277225971 803.701121092 804.113299131 805.080753088
261 0.3 0.3 1 0.3 0.0736806299728 4.0 0.6 0.42 90.0 right 1 805.114249945 805.538172007 805.950289011 806.741064072
262 0.3 0.3 1 0.3 0.0164754897244 4.0 0.2 0.42 90.0 right 1 806.774698973 807.198529005 807.610778093 808.437261105
263 0.3 0.3 -1 0.3 0.0164754897244 4.0 0.6 0.42 90.0 right 0 808.470344067 808.894459963 809.306457043 810.462507963
264 0.3 0.3 -1 0.3 0.01 4.0 0.2 0.42 22.0 right 0 810.495944023 810.919863939 811.331996918 812.181910038
265 0.3 0.3 1 0.3 0.04472135955 4.0 0.4 0.42 22.0 right 1 812.215148926 812.639081001 813.051259041 813.853933096
266 0.3 0.3 -1 0.3 0.0164754897244 4.0 0.8 0.42 90.0 right 0 813.887243986 814.311275005 814.723423958 815.749763012
267 0.3 0.3 1 0.3 0.0271441761659 4.0 0.2 0.42 22.0 right 1 815.783173084 816.207188129 816.619314909 817.528152943
268 0.3 0.3 -1 0.3 0.04472135955 4.0 0.0 0.42 22.0 left 1 817.561314106 817.985325098 818.397526979 819.318012953
269 0.3 0.3 -1 0.3 0.0271441761659 4.0 0.4 0.42 22.0 right 0 819.351489067 819.77542305 820.187587023 821.20223093
270 0.3 0.3 1 0.3 0.0271441761659 4.0 0.2 0.42 90.0 left 0 821.235525131 821.659451962 822.071624041 823.156939983
271 0.3 0.3 1 0.3 0.0164754897244 4.0 0.8 0.42 22.0 left 0 823.190295935 823.614232063 824.026551008 825.005784035
272 0.3 0.3 1 0.3 0.0271441761659 4.0 0.8 0.42 22.0 left 0 825.039195061 825.463067055 825.87531805 827.207830906
273 0.3 0.3 1 0.3 0.121392446201 4.0 0.8 0.42 90.0 right 1 827.241225958 827.66514802 828.077389956 828.974528074
274 0.3 0.3 1 0.3 0.0736806299728 4.0 0.4 0.42 22.0 right 1 829.007788897 829.431596041 829.843919992 830.646599054
275 0.3 0.3 -1 0.3 0.2 4.0 0.8 0.42 22.0 left 1 830.680047989 831.103878021 831.516031027 832.483504057
276 0.3 0.3 -1 0.3 0.0271441761659 4.0 0.8 0.42 90.0 right 0 832.51711607 832.941020966 833.353173018 834.155941963
277 0.3 0.3 -1 0.3 0.0736806299728 4.0 0.8 0.42 90.0 left 1 834.189214945 834.613089085 835.025290966 836.051681995
278 0.3 0.3 -1 0.3 0.0164754897244 4.0 0.2 0.42 22.0 left 1 836.085122108 836.509104967 836.921209097 837.87706995
279 0.3 0.3 -1 0.3 0.01 4.0 0.0 0.42 22.0 left 1 837.910303116 838.334312916 838.746428013 839.737690926
280 0.3 0.3 1 0.3 0.01 4.0 0.4 0.42 22.0 left 0 839.770968914 840.194973946 840.607132912 841.668795109
