trial durationPreFixation durationFixation direction durationGrating duration speed phaseIni contrast size response correct time_onset time_fixation time_stimulus time_response
1 0.3 0.3 1 0.3 0.2 4.0 0.4 0.42 22.0 right 1 28.6011698246 29.0250267982 29.4370408058 30.5678169727
2 0.3 0.3 -1 0.3 0.2 4.0 0.4 0.42 22.0 left 1 30.6029949188 31.026914835 31.4390678406 32.5478727818
3 0.3 0.3 -1 0.3 0.121392446201 4.0 0.4 0.42 22.0 left 1 32.5814278126 33.0053858757 33.4174878597 34.3498249054
4 0.3 0.3 1 0.3 0.2 4.0 0.8 0.42 90.0 right 1 34.3830749989 34.8070819378 35.2191569805 36.1280119419
5 0.3 0.3 -1 0.3 0.2 4.0 0.6 0.42 22.0 left 1 36.1612348557 36.5851287842 36.9973399639 38.1535909176
6 0.3 0.3 1 0.3 0.0164754897244 4.0 0.0 0.42 22.0 right 1 38.1867759228 38.6107239723 39.02282691 39.9198989868
7 0.3 0.3 -1 0.3 0.04472135955 4.0 0.6 0.42 22.0 left 1 39.9532198906 40.3771607876 40.7893819809 41.6394908428
8 0.3 0.3 -1 0.3 0.04472135955 4.0 0.4 0.42 22.0 left 1 41.6724209785 42.0963988304 42.5084388256 43.381816864
9 0.3 0.3 1 0.3 0.121392446201 4.0 0.2 0.42 22.0 right 1 43.4152698517 43.8391308784 44.2513589859 45.1129407883
10 0.3 0.3 1 0.3 0.01 4.0 0.8 0.42 90.0 left 0 45.1462888718 45.5703778267 45.9827809334 46.9620687962
11 0.3 0.3 -1 0.3 0.2 4.0 0.2 0.42 22.0 left 1 46.9952189922 47.4190819263 47.8313879967 49.022854805
12 0.3 0.3 -1 0.3 0.01 4.0 0.0 0.42 22.0 right 0 49.0560109615 49.4799859524 49.8921790123 50.6950528622
13 0.3 0.3 1 0.3 0.2 4.0 0.0 0.42 22.0 right 1 50.7282447815 51.152066946 51.5643107891 52.4845747948
14 0.3 0.3 -1 0.3 0.0164754897244 4.0 0.2 0.42 22.0 right 0 52.5182409286 52.9421248436 53.3543059826 54.2514369488
15 0.3 0.3 -1 0.3 0.0164754897244 4.0 0.8 0.42 90.0 right 0 54.2845618725 54.70845294 55.1205489635 55.9943029881
16 0.3 0.3 1 0.3 0.2 4.0 0.6 0.42 22.0 right 1 56.0275030136 56.45144701 56.8633849621 58.0785169601
17 0.3 0.3 -1 0.3 0.0164754897244 4.0 0.4 0.42 22.0 left 1 58.1118450165 58.5357198715 58.9478538036 59.9745619297
18 0.3 0.3 1 0.3 0.0164754897244 4.0 0.8 0.42 90.0 left 0 60.0077748299 60.4316539764 60.843793869 62.2707359791
19 0.3 0.3 1 0.3 0.121392446201 4.0 0.2 0.42 90.0 right 1 62.3039808273 62.7279119492 63.1400198936 63.9666228294
20 0.3 0.3 1 0.3 0.0736806299728 4.0 0.8 0.42 22.0 right 1 63.9997389317 64.4238119125 64.8359007835 65.6036689281
21 0.3 0.3 -1 0.3 0.04472135955 4.0 0.8 0.42 90.0 right 0 65.6484799385 66.0724318027 66.4846448898 67.3697369099
22 0.3 0.3 1 0.3 0.2 4.0 0.2 0.42 22.0 right 1 67.4030239582 67.8269507885 68.2391629219 69.2420079708
23 0.3 0.3 1 0.3 0.121392446201 4.0 0.0 0.42 22.0 right 1 69.2754428387 69.6992809772 70.1114478111 70.9730908871
24 0.3 0.3 1 0.3 0.01 4.0 0.8 0.42 22.0 left 0 71.0065410137 71.4304718971 71.8426628113 72.8456099033
25 0.3 0.3 -1 0.3 0.121392446201 4.0 0.8 0.42 90.0 right 0 72.8788979053 73.3029289246 73.7150018215 74.6827578545
26 0.3 0.3 -1 0.3 0.01 4.0 0.8 0.42 90.0 left 1 74.7160048485 75.139882803 75.5520598888 76.6375699043
27 0.3 0.3 1 0.3 0.0736806299728 4.0 0.2 0.42 22.0 left 0 76.6706738472 77.0946798325 77.5067949295 78.4978899956
28 0.3 0.3 -1 0.3 0.0271441761659 4.0 0.0 0.42 22.0 left 1 78.5313179493 78.9553618431 79.3673689365 80.2410809994
29 0.3 0.3 1 0.3 0.0271441761659 4.0 0.2 0.42 90.0 left 0 80.2742848396 80.6982479095 81.1102910042 81.9953219891
30 0.3 0.3 1 0.3 0.0271441761659 4.0 0.8 0.42 90.0 left 0 82.0288360119 82.4528269768 82.8649289608 83.7269108295
31 0.3 0.3 1 0.3 0.0271441761659 4.0 0.4 0.42 90.0 left 0 83.7600178719 84.1838979721 84.596023798 85.4693608284
32 0.3 0.3 1 0.3 0.0164754897244 4.0 0.4 0.42 22.0 left 0 85.5026898384 85.926678896 86.3388559818 87.2598319054
33 0.3 0.3 1 0.3 0.0164754897244 4.0 0.6 0.42 90.0 left 0 87.2926688194 87.7166399956 88.1288738251 88.9550487995
34 0.3 0.3 1 0.3 0.121392446201 4.0 0.8 0.42 90.0 right 1 88.9884929657 89.412416935 89.8245120049 92.0522239208
35 0.3 0.3 1 0.3 0.121392446201 4.0 0.8 0.42 22.0 right 1 92.0855519772 92.5094218254 92.9216628075 93.771406889
36 0.3 0.3 1 0.3 0.04472135955 4.0 0.6 0.42 90.0 right 1 93.8048968315 94.2287929058 94.6409778595 95.9151329994
37 0.3 0.3 -1 0.3 0.04472135955 4.0 0.0 0.42 22.0 left 1 95.9599449635 96.3838369846 96.7959878445 97.6931569576
38 0.3 0.3 -1 0.3 0.0736806299728 4.0 0.4 0.42 90.0 right 0 97.7263128757 98.1502218246 98.5623018742 99.4356818199
39 0.3 0.3 -1 0.3 0.0164754897244 4.0 0.8 0.42 22.0 right 0 99.4691648483 99.8930637836 100.305177927 101.30821085
40 0.3 0.3 -1 0.3 0.04472135955 4.0 0.8 0.42 22.0 left 1 101.341477871 101.765450954 102.177661896 103.051298857
41 0.3 0.3 1 0.3 0.0736806299728 4.0 0.0 0.42 90.0 right 1 103.084479809 103.508423805 103.920529842 104.970542908
42 0.3 0.3 1 0.3 0.01 4.0 0.4 0.42 22.0 left 0 105.003927946 105.427833796 105.839969873 106.760922909
43 0.3 0.3 -1 0.3 0.121392446201 4.0 0.4 0.42 90.0 right 0 106.793913841 107.217737913 107.629850864 108.514736891
44 0.3 0.3 -1 0.3 0.121392446201 4.0 0.2 0.42 90.0 right 0 108.548477888 108.972404003 109.384612799 110.305256844
45 0.3 0.3 -1 0.3 0.0736806299728 4.0 0.2 0.42 22.0 left 1 110.338476896 110.762373924 111.174468994 112.189305782
46 0.3 0.3 -1 0.3 0.0164754897244 4.0 0.0 0.42 90.0 left 1 112.22248292 112.646545887 113.058755875 114.073220968
47 0.3 0.3 -1 0.3 0.121392446201 4.0 0.6 0.42 22.0 left 1 114.106688976 114.530697823 114.942904949 115.98099494
48 0.3 0.3 1 0.3 0.04472135955 4.0 0.2 0.42 22.0 right 1 116.01450491 116.438396931 116.850703955 117.735574007
49 0.3 0.3 -1 0.3 0.2 4.0 0.6 0.42 90.0 right 0 117.768960953 118.192938805 118.605148792 119.549263
50 0.3 0.3 -1 0.3 0.0271441761659 4.0 0.8 0.42 90.0 right 0 119.582623005 120.006470919 120.418718815 121.351066828
51 0.3 0.3 1 0.3 0.04472135955 4.0 0.8 0.42 90.0 left 0 121.384403944 121.808233976 122.220436811 123.234882832
52 0.3 0.3 -1 0.3 0.0164754897244 4.0 0.6 0.42 90.0 right 0 123.268537998 123.692456007 124.1048069 125.107468843
53 0.3 0.3 1 0.3 0.0164754897244 4.0 0.6 0.42 22.0 right 1 125.140928984 125.564808846 125.976975918 128.074826956
54 0.3 0.3 -1 0.3 0.01 4.0 0.2 0.42 22.0 left 1 128.108484983 128.532449961 128.944636822 130.31295681
55 0.3 0.3 1 0.3 0.0736806299728 4.0 0.6 0.42 22.0 right 1 130.345930815 130.769818783 131.182060003 132.785928965
56 0.3 0.3 -1 0.3 0.0164754897244 4.0 0.0 0.42 22.0 right 0 132.818886995 133.2428689 133.654961824 134.669834852
57 0.3 0.3 -1 0.3 0.121392446201 4.0 0.0 0.42 22.0 left 1 134.703094959 135.126887798 135.539114952 136.683771849
58 0.3 0.3 1 0.3 0.0164754897244 4.0 0.2 0.42 22.0 right 1 136.716792822 137.140671015 137.552780867 138.485044956
59 0.3 0.3 1 0.3 0.04472135955 4.0 0.2 0.42 90.0 right 1 138.518423796 138.942427874 139.354493856 140.345835924
60 0.3 0.3 1 0.3 0.04472135955 4.0 0.0 0.42 22.0 right 1 140.390815973 140.814810991 141.226924896 142.053823948
61 0.3 0.3 -1 0.3 0.121392446201 4.0 0.0 0.42 90.0 right 0 142.086462975 142.510521889 142.922623873 144.043972015
62 0.3 0.3 -1 0.3 0.0736806299728 4.0 0.4 0.42 22.0 left 1 144.076599836 144.500628948 144.912770987 146.080873966
63 0.3 0.3 -1 0.3 0.2 4.0 0.0 0.42 22.0 left 1 146.113965988 146.53795886 146.949975967 148.424239874
64 0.3 0.3 -1 0.3 0.2 4.0 0.4 0.42 90.0 right 0 148.457482815 148.881383896 149.293541908 150.696971893
65 0.3 0.3 1 0.3 0.0736806299728 4.0 0.0 0.42 22.0 right 1 150.730256796 151.154168844 151.566248894 152.416152954
66 0.3 0.3 1 0.3 0.121392446201 4.0 0.0 0.42 90.0 right 1 152.449548006 152.8733778 153.285601854 154.147215843
67 0.3 0.3 1 0.3 0.121392446201 4.0 0.4 0.42 90.0 right 1 154.180548906 154.604581833 155.016683817 155.937271833
68 0.3 0.3 -1 0.3 0.01 4.0 0.0 0.42 90.0 right 0 155.982198 156.406291962 156.81834197 157.680241823
69 0.3 0.3 -1 0.3 0.04472135955 4.0 0.0 0.42 90.0 right 0 157.713308811 158.137385845 158.549538851 159.410974979
70 0.3 0.3 1 0.3 0.04472135955 4.0 0.4 0.42 22.0 right 1 159.444406986 159.868312836 160.280524015 161.071396828
71 0.3 0.3 1 0.3 0.0271441761659 4.0 0.6 0.42 90.0 right 1 161.104722977 161.528678894 161.940845966 162.778916836
72 0.3 0.3 -1 0.3 0.01 4.0 0.4 0.42 22.0 right 0 162.812385798 163.236261845 163.648535967 164.521999836
73 0.3 0.3 1 0.3 0.0736806299728 4.0 0.4 0.42 22.0 right 1 164.555189848 164.979092836 165.391285896 166.229341984
74 0.3 0.3 1 0.3 0.121392446201 4.0 0.6 0.42 90.0 right 1 166.262802839 166.686704874 167.098886967 168.03113699
75 0.3 0.3 1 0.3 0.0271441761659 4.0 0.2 0.42 22.0 right 1 168.064480782 168.488376856 168.900537014 169.69152689
76 0.3 0.3 1 0.3 0.0736806299728 4.0 0.8 0.42 90.0 right 1 169.724910975 170.148836851 170.560911894 171.387208939
77 0.3 0.3 1 0.3 0.2 4.0 0.0 0.42 90.0 right 1 171.420640945 171.844638824 172.25682497 173.330506802
78 0.3 0.3 -1 0.3 0.121392446201 4.0 0.8 0.42 22.0 left 1 173.363676786 173.787596941 174.199724913 175.073093891
79 0.3 0.3 1 0.3 0.0164754897244 4.0 0.4 0.42 90.0 left 0 175.10649991 175.530411959 175.942676783 178.594754934
80 0.3 0.3 -1 0.3 0.01 4.0 0.2 0.42 90.0 left 1 178.627600908 179.051563978 179.463729858 180.725782871
81 0.3 0.3 -1 0.3 0.2 4.0 0.8 0.42 90.0 right 0 180.759036779 181.182900906 181.5951159 183.563895941
82 0.3 0.3 1 0.3 0.0736806299728 4.0 0.4 0.42 90.0 right 1 183.597126961 184.021077871 184.433184862 185.400578976
83 0.3 0.3 -1 0.3 0.01 4.0 0.8 0.42 22.0 left 1 185.434224844 185.858128786 186.270244837 191.713063002
84 0.3 0.3 -1 0.3 0.0736806299728 4.0 0.2 0.42 90.0 right 0 191.745989799 192.169926882 192.58215189 193.608627796
85 0.3 0.3 1 0.3 0.0736806299728 4.0 0.6 0.42 90.0 right 1 193.642067909 194.065893888 194.478109837 195.434034824
86 0.3 0.3 -1 0.3 0.04472135955 4.0 0.2 0.42 90.0 right 0 195.467330933 195.891205788 196.303290844 197.330074787
87 0.3 0.3 -1 0.3 0.01 4.0 0.6 0.42 90.0 right 0 197.363284826 197.787226915 198.199354887 199.096204996
88 0.3 0.3 -1 0.3 0.0271441761659 4.0 0.6 0.42 90.0 right 0 199.129689932 199.553627014 199.965731859 200.815677881
89 0.3 0.3 1 0.3 0.01 4.0 0.4 0.42 90.0 right 1 200.848889828 201.272926807 201.685101986 202.688061953
90 0.3 0.3 1 0.3 0.121392446201 4.0 0.4 0.42 22.0 right 1 202.7329638 203.157049894 203.569183826 205.160767794
91 0.3 0.3 -1 0.3 0.04472135955 4.0 0.2 0.42 22.0 left 1 205.194376945 205.618191004 206.030323982 208.611416817
92 0.3 0.3 -1 0.3 0.0736806299728 4.0 0.6 0.42 22.0 left 1 208.644704819 209.068660975 209.480721951 210.577828884
93 0.3 0.3 -1 0.3 0.0164754897244 4.0 0.4 0.42 90.0 left 1 210.611240864 211.035101891 211.447292805 212.520759821
94 0.3 0.3 1 0.3 0.04472135955 4.0 0.4 0.42 90.0 left 0 212.554338932 212.978188992 213.390397787 214.511464834
95 0.3 0.3 1 0.3 0.0271441761659 4.0 0.6 0.42 22.0 left 0 214.556200981 214.980176926 215.392349005 216.301237822
96 0.3 0.3 -1 0.3 0.04472135955 4.0 0.4 0.42 90.0 right 0 216.334405899 216.758323908 217.170554876 218.173280001
97 0.3 0.3 1 0.3 0.2 4.0 0.4 0.42 90.0 right 1 218.206766844 218.630709887 219.042769909 220.28119278
98 0.3 0.3 1 0.3 0.2 4.0 0.6 0.42 90.0 right 1 220.314688921 220.738620996 221.150848866 222.259629965
99 0.3 0.3 -1 0.3 0.0271441761659 4.0 0.4 0.42 90.0 right 0 222.29302001 222.717031956 223.129143 224.049851894
100 0.3 0.3 -1 0.3 0.01 4.0 0.4 0.42 90.0 right 0 224.082990885 224.507003784 224.919203997 225.886851788
101 0.3 0.3 1 0.3 0.0164754897244 4.0 0.0 0.42 90.0 right 1 225.920115948 226.344077826 226.756250858 227.641152859
102 0.3 0.3 1 0.3 0.0271441761659 4.0 0.8 0.42 22.0 right 1 227.674650908 228.098647833 228.510850906 232.858264923
103 0.3 0.3 1 0.3 0.01 4.0 0.6 0.42 22.0 right 1 232.891551971 233.315443993 233.72762394 234.707024813
104 0.3 0.3 -1 0.3 0.0736806299728 4.0 0.0 0.42 22.0 left 1 234.740370989 235.164330006 235.576392889 236.661793947
105 0.3 0.3 -1 0.3 0.0164754897244 4.0 0.2 0.42 90.0 right 0 236.695163012 237.119035959 237.531160831 238.840182781
106 0.3 0.3 1 0.3 0.04472135955 4.0 0.6 0.42 22.0 right 1 238.873768806 239.297493935 239.709895849 240.594918013
107 0.3 0.3 1 0.3 0.2 4.0 0.2 0.42 90.0 right 1 240.628302813 241.052232981 241.464426994 242.761860847
108 0.3 0.3 -1 0.3 0.04472135955 4.0 0.6 0.42 90.0 left 1 242.795175791 243.219049931 243.631199837 244.575271845
109 0.3 0.3 -1 0.3 0.2 4.0 0.2 0.42 90.0 left 1 244.60868597 245.032585859 245.444774866 246.553502798
110 0.3 0.3 1 0.3 0.0164754897244 4.0 0.8 0.42 22.0 left 0 246.586907864 247.010861874 247.423030853 248.437752008
111 0.3 0.3 1 0.3 0.121392446201 4.0 0.6 0.42 22.0 right 1 248.471232891 248.895128012 249.307302952 250.369027853
112 0.3 0.3 -1 0.3 0.0271441761659 4.0 0.0 0.42 90.0 right 0 250.402359009 250.826372862 251.238474846 252.229887962
113 0.3 0.3 -1 0.3 0.121392446201 4.0 0.2 0.42 22.0 left 1 252.263058901 252.686960936 253.099079847 254.23167181
114 0.3 0.3 -1 0.3 0.0271441761659 4.0 0.8 0.42 22.0 left 1 254.265015841 254.688982964 255.101042986 256.056674004
115 0.3 0.3 -1 0.3 0.2 4.0 0.8 0.42 22.0 left 1 256.090319872 256.514268875 256.926364899 260.861594915
116 0.3 0.3 1 0.3 0.0271441761659 4.0 0.0 0.42 90.0 left 0 260.894825935 261.318738937 261.730855942 262.698724985
117 0.3 0.3 1 0.3 0.01 4.0 0.0 0.42 22.0 left 0 262.731904984 263.155828953 263.567997932 264.512133837
118 0.3 0.3 1 0.3 0.0271441761659 4.0 0.0 0.42 22.0 right 1 264.545501947 264.969441891 265.381393909 266.678571939
119 0.3 0.3 1 0.3 0.01 4.0 0.2 0.42 22.0 left 0 266.712092876 267.136116982 267.54834199 268.421976805
120 0.3 0.3 -1 0.3 0.0271441761659 4.0 0.4 0.42 22.0 left 1 268.455135822 268.879050016 269.291232824 270.176234961
121 0.3 0.3 1 0.3 0.04472135955 4.0 0.0 0.42 90.0 left 0 270.209728003 270.633670807 271.045718908 272.001590014
122 0.3 0.3 1 0.3 0.01 4.0 0.2 0.42 90.0 right 1 272.035000801 272.45893383 272.870967865 273.862137794
123 0.3 0.3 1 0.3 0.2 4.0 0.8 0.42 22.0 right 1 273.895600796 274.319557905 274.731673002 276.123216867
124 0.3 0.3 1 0.3 0.01 4.0 0.6 0.42 90.0 left 0 276.156586885 276.580410957 276.992607832 278.207541943
125 0.3 0.3 1 0.3 0.01 4.0 0.0 0.42 90.0 left 0 278.240916014 278.664898872 279.077082872 280.032772779
126 0.3 0.3 -1 0.3 0.0736806299728 4.0 0.0 0.42 90.0 left 1 280.066159964 280.490117788 280.902316809 281.905031919
127 0.3 0.3 1 0.3 0.0164754897244 4.0 0.2 0.42 90.0 right 1 281.93857193 282.362513781 282.774733782 283.94222784
128 0.3 0.3 -1 0.3 0.0271441761659 4.0 0.2 0.42 90.0 right 0 283.975895882 284.39979887 284.811926842 285.650130987
129 0.3 0.3 -1 0.3 0.0271441761659 4.0 0.2 0.42 22.0 left 1 285.683444977 286.107379913 286.51944685 287.381403923
130 0.3 0.3 1 0.3 0.0736806299728 4.0 0.2 0.42 90.0 right 1 287.426263809 287.850159883 288.262313843 289.606818914
131 0.3 0.3 -1 0.3 0.0736806299728 4.0 0.6 0.42 90.0 right 0 289.640034914 290.063968897 290.476202011 291.549852848
132 0.3 0.3 -1 0.3 0.0736806299728 4.0 0.8 0.42 90.0 right 0 291.583185911 292.007120848 292.419219017 293.304565907
133 0.3 0.3 -1 0.3 0.01 4.0 0.6 0.42 22.0 left 1 293.337796926 293.761718988 294.173762798 295.389248848
134 0.3 0.3 -1 0.3 0.2 4.0 0.0 0.42 90.0 right 0 295.422175884 295.846167803 296.25829196 297.285035849
135 0.3 0.3 -1 0.3 0.121392446201 4.0 0.6 0.42 90.0 left 1 297.32989192 297.753749847 298.165892839 299.227918863
136 0.3 0.3 1 0.3 0.0271441761659 4.0 0.4 0.42 22.0 right 1 299.261193991 299.685079813 300.097106934 300.982380867
137 0.3 0.3 -1 0.3 0.0164754897244 4.0 0.6 0.42 22.0 right 0 301.015736818 301.439607859 301.851913929 302.819406986
138 0.3 0.3 -1 0.3 0.0736806299728 4.0 0.8 0.42 22.0 left 1 302.852808952 303.276711941 303.688822985 304.727247953
139 0.3 0.3 -1 0.3 0.0271441761659 4.0 0.6 0.42 22.0 left 1 304.760574818 305.184469938 305.596745968 306.469872952
140 0.3 0.3 1 0.3 0.04472135955 4.0 0.8 0.42 22.0 right 1 306.503351927 306.927345991 307.339445829 308.236882925
141 0.3 0.3 1 0.3 0.0271441761659 4.0 0.4 0.42 90.0 right 1 587.420357943 587.844227791 588.256489992 589.318372011
142 0.3 0.3 1 0.3 0.121392446201 4.0 0.0 0.42 22.0 right 1 589.35172987 589.775602818 590.187794924 591.167261839
143 0.3 0.3 1 0.3 0.04472135955 4.0 0.8 0.42 22.0 right 1 591.20054388 591.624444962 592.036601782 592.815836906
144 0.3 0.3 1 0.3 0.2 4.0 0.4 0.42 22.0 right 1 592.849212885 593.27303791 593.685201883 594.617584944
145 0.3 0.3 -1 0.3 0.0736806299728 4.0 0.2 0.42 22.0 left 1 594.650873899 595.074819803 595.48691678 596.325193882
146 0.3 0.3 1 0.3 0.04472135955 4.0 0.8 0.42 90.0 left 0 596.358350992 596.782253981 597.194419861 598.644899845
147 0.3 0.3 1 0.3 0.01 4.0 0.0 0.42 22.0 left 0 598.689932823 599.113931894 599.52607584 600.481807947
148 0.3 0.3 -1 0.3 0.0271441761659 4.0 0.6 0.42 22.0 left 1 600.515280008 600.939185858 601.351395845 602.189244986
149 0.3 0.3 1 0.3 0.04472135955 4.0 0.6 0.42 90.0 right 1 602.222748995 602.646751881 603.05893898 604.014778852
150 0.3 0.3 1 0.3 0.2 4.0 0.6 0.42 22.0 right 1 604.048047781 604.471960783 604.88417387 605.793033838
151 0.3 0.3 -1 0.3 0.0736806299728 4.0 0.4 0.42 22.0 left 1 605.826245785 606.25027585 606.662386894 607.676776886
152 0.3 0.3 1 0.3 0.0736806299728 4.0 0.6 0.42 90.0 right 1 607.710356951 608.134341002 608.546452999 611.151226997
153 0.3 0.3 1 0.3 0.01 4.0 0.0 0.42 90.0 right 1 611.184255838 611.608342886 612.020386934 613.635615826
154 0.3 0.3 -1 0.3 0.04472135955 4.0 0.2 0.42 90.0 right 0 613.669093847 614.093005896 614.505182981 615.390381813
155 0.3 0.3 -1 0.3 0.0736806299728 4.0 0.6 0.42 90.0 right 0 615.423761845 615.847700834 616.259943008 616.956318855
156 0.3 0.3 -1 0.3 0.121392446201 4.0 0.4 0.42 22.0 left 1 616.989975929 617.413850784 617.826015949 619.135279894
157 0.3 0.3 1 0.3 0.01 4.0 0.8 0.42 22.0 left 0 619.168469906 619.592463017 620.004562855 621.290058851
158 0.3 0.3 -1 0.3 0.0164754897244 4.0 0.8 0.42 22.0 left 1 621.323616982 621.747489929 622.159598827 623.033335924
159 0.3 0.3 -1 0.3 0.01 4.0 0.0 0.42 90.0 left 1 623.066397905 623.490289927 623.902342796 624.870042801
160 0.3 0.3 1 0.3 0.0164754897244 4.0 0.6 0.42 90.0 left 0 624.903473854 625.327353001 625.739492893 626.565689802
161 0.3 0.3 -1 0.3 0.0736806299728 4.0 0.4 0.42 90.0 left 1 626.599156857 627.023141861 627.435239792 628.567922831
162 0.3 0.3 1 0.3 0.0271441761659 4.0 0.2 0.42 90.0 left 0 628.601130009 629.025041819 629.437206984 630.310473919
163 0.3 0.3 1 0.3 0.121392446201 4.0 0.2 0.42 90.0 left 0 630.34394598 630.767886877 631.180049896 634.573549986
164 0.3 0.3 1 0.3 0.01 4.0 0.4 0.42 90.0 left 0 634.606931925 635.030826807 635.442950964 636.387506008
165 0.3 0.3 -1 0.3 0.121392446201 4.0 0.6 0.42 22.0 left 1 636.432094812 636.856076002 637.268238783 638.259799004
166 0.3 0.3 -1 0.3 0.0271441761659 4.0 0.8 0.42 22.0 left 1 638.304592848 638.728423834 639.140682936 639.978670835
167 0.3 0.3 1 0.3 0.0736806299728 4.0 0.4 0.42 22.0 right 1 640.012070894 640.436010838 640.848237991 641.698190928
168 0.3 0.3 1 0.3 0.0164754897244 4.0 0.8 0.42 22.0 right 1 641.731408834 642.155321836 642.567528963 643.641036987
169 0.3 0.3 -1 0.3 0.0271441761659 4.0 0.6 0.42 90.0 right 0 643.674369812 644.098384857 644.510538816 645.395826817
170 0.3 0.3 -1 0.3 0.121392446201 4.0 0.4 0.42 90.0 right 0 645.428989887 645.853022814 646.265202999 647.173859835
171 0.3 0.3 -1 0.3 0.2 4.0 0.0 0.42 90.0 right 0 647.2072649 647.631182909 648.04336381 649.246389866
172 0.3 0.3 -1 0.3 0.0271441761659 4.0 0.2 0.42 90.0 right 0 649.279843807 649.70377779 650.115975857 651.001105785
173 0.3 0.3 1 0.3 0.2 4.0 0.2 0.42 90.0 right 1 651.034403801 651.458372831 651.870562792 652.721365929
174 0.3 0.3 1 0.3 0.0736806299728 4.0 0.0 0.42 90.0 right 1 652.753727913 653.177659988 653.589846849 654.333981991
175 0.3 0.3 -1 0.3 0.0164754897244 4.0 0.4 0.42 90.0 right 0 654.367025852 654.790969849 655.202996969 655.935310841
176 0.3 0.3 -1 0.3 0.01 4.0 0.0 0.42 22.0 right 0 655.968565941 656.392515898 656.804700851 657.654531956
177 0.3 0.3 -1 0.3 0.2 4.0 0.4 0.42 90.0 left 1 657.687786818 658.111787796 658.524038792 659.50336194
178 0.3 0.3 -1 0.3 0.121392446201 4.0 0.8 0.42 22.0 left 1 659.536661863 659.960563898 660.372907877 661.3401649
179 0.3 0.3 1 0.3 0.2 4.0 0.0 0.42 90.0 right 1 661.373713017 661.797622919 662.20991087 663.071730852
180 0.3 0.3 1 0.3 0.121392446201 4.0 0.4 0.42 90.0 right 1 663.104856014 663.528802872 663.94092679 664.778999805
181 0.3 0.3 1 0.3 0.04472135955 4.0 0.0 0.42 90.0 left 0 664.812430859 665.236302853 665.648455858 666.474898815
182 0.3 0.3 1 0.3 0.2 4.0 0.2 0.42 22.0 right 1 666.519828796 666.94371295 667.355945826 668.559053898
183 0.3 0.3 -1 0.3 0.0271441761659 4.0 0.4 0.42 90.0 left 1 668.592479944 669.016448975 669.428596973 670.337281942
184 0.3 0.3 -1 0.3 0.04472135955 4.0 0.6 0.42 22.0 left 1 670.370680809 670.794539928 671.206743002 672.068465948
185 0.3 0.3 -1 0.3 0.0164754897244 4.0 0.8 0.42 90.0 left 1 672.101789951 672.525702 672.937852859 673.834630966
186 0.3 0.3 1 0.3 0.121392446201 4.0 0.8 0.42 90.0 right 1 673.868133783 674.292083979 674.704173803 675.554392815
187 0.3 0.3 -1 0.3 0.01 4.0 0.2 0.42 90.0 left 1 675.599247932 676.023151875 676.435246944 677.332118988
188 0.3 0.3 -1 0.3 0.0271441761659 4.0 0.4 0.42 22.0 left 1 677.365582943 677.789518833 678.201753855 679.074872017
189 0.3 0.3 -1 0.3 0.121392446201 4.0 0.8 0.42 90.0 left 1 679.108444929 679.532373905 679.944551945 681.489661932
190 0.3 0.3 1 0.3 0.121392446201 4.0 0.4 0.42 22.0 right 1 681.522590876 681.946543932 682.358666897 683.349788904
191 0.3 0.3 1 0.3 0.0164754897244 4.0 0.4 0.42 90.0 right 1 683.383214951 683.807154894 684.21933198 687.51858592
192 0.3 0.3 -1 0.3 0.01 4.0 0.4 0.42 22.0 left 1 687.551883936 687.975845814 688.388016939 689.485092878
193 0.3 0.3 -1 0.3 0.0164754897244 4.0 0.0 0.42 90.0 left 1 689.518440962 689.942351818 690.354555845 691.251453876
194 0.3 0.3 -1 0.3 0.01 4.0 0.6 0.42 22.0 left 1 691.284835815 691.708825827 692.121024847 692.970519781
195 0.3 0.3 -1 0.3 0.121392446201 4.0 0.6 0.42 90.0 left 1 693.004099846 693.42809391 693.840292931 695.008004904
196 0.3 0.3 1 0.3 0.0271441761659 4.0 0.8 0.42 22.0 left 0 695.041364908 695.465320826 695.877574921 696.833528996
197 0.3 0.3 -1 0.3 0.0164754897244 4.0 0.6 0.42 90.0 left 1 696.878463984 697.3023808 697.714589834 698.564270973
198 0.3 0.3 1 0.3 0.0271441761659 4.0 0.6 0.42 22.0 left 0 698.597809792 699.021787882 699.433780909 700.460502863
199 0.3 0.3 1 0.3 0.0271441761659 4.0 0.0 0.42 22.0 left 0 700.493700981 700.917572975 701.329825878 702.627153873
200 0.3 0.3 1 0.3 0.01 4.0 0.6 0.42 90.0 left 0 702.660407782 703.084415913 703.496667862 704.405290842
201 0.3 0.3 -1 0.3 0.0164754897244 4.0 0.2 0.42 22.0 left 1 704.43867898 704.862613916 705.274755955 706.383831978
202 0.3 0.3 1 0.3 0.0271441761659 4.0 0.8 0.42 90.0 left 0 706.417032003 706.840936899 707.253208876 708.114690781
203 0.3 0.3 1 0.3 0.121392446201 4.0 0.8 0.42 22.0 right 1 708.148104906 708.572002888 708.984166861 709.987098932
204 0.3 0.3 1 0.3 0.0736806299728 4.0 0.0 0.42 22.0 right 1 710.020492792 710.44439888 710.85659194 711.812409878
205 0.3 0.3 -1 0.3 0.04472135955 4.0 0.8 0.42 90.0 right 0 711.84578681 712.269668818 712.681870937 713.626335859
206 0.3 0.3 -1 0.3 0.0736806299728 4.0 0.8 0.42 22.0 left 1 713.659223795 714.083225012 714.495374918 715.451363802
207 0.3 0.3 1 0.3 0.04472135955 4.0 0.6 0.42 22.0 right 1 715.484771013 715.908537865 716.320616961 717.158762932
208 0.3 0.3 1 0.3 0.04472135955 4.0 0.4 0.42 90.0 right 1 717.192134857 717.616055965 718.028208971 718.984035969
209 0.3 0.3 -1 0.3 0.0164754897244 4.0 0.0 0.42 22.0 right 0 719.017366886 719.441303968 719.853482008 720.974242926
210 0.3 0.3 1 0.3 0.0736806299728 4.0 0.6 0.42 22.0 right 1 721.007567883 721.431492805 721.843587875 723.105865002
211 0.3 0.3 1 0.3 0.01 4.0 0.4 0.42 22.0 right 1 723.139056921 723.562985897 723.975047827 725.189971924
212 0.3 0.3 -1 0.3 0.2 4.0 0.4 0.42 22.0 left 1 725.223363876 725.64722085 726.059392929 727.297696829
213 0.3 0.3 1 0.3 0.0736806299728 4.0 0.4 0.42 90.0 right 1 727.331310987 727.755172968 728.167346954 729.029243946
214 0.3 0.3 -1 0.3 0.0271441761659 4.0 0.0 0.42 22.0 left 1 729.062356949 729.48626399 729.898313999 731.113445997
215 0.3 0.3 1 0.3 0.0271441761659 4.0 0.2 0.42 22.0 left 0 731.146677017 731.570616961 731.982810974 732.8915658
216 0.3 0.3 -1 0.3 0.01 4.0 0.8 0.42 22.0 left 1 732.924873829 733.348811865 733.76095295 734.634279013
217 0.3 0.3 -1 0.3 0.121392446201 4.0 0.0 0.42 22.0 left 1 734.667754889 735.091662884 735.503799915 736.70686388
218 0.3 0.3 1 0.3 0.04472135955 4.0 0.0 0.42 22.0 right 1 736.740267992 737.164206982 737.5763309 738.461646795
219 0.3 0.3 1 0.3 0.121392446201 4.0 0.2 0.42 22.0 right 1 738.49491787 738.918917894 739.331079006 740.616431952
220 0.3 0.3 -1 0.3 0.04472135955 4.0 0.0 0.42 22.0 left 1 740.649964809 741.073927879 741.486011982 742.418287992
221 0.3 0.3 -1 0.3 0.0164754897244 4.0 0.2 0.42 90.0 right 0 742.451753855 742.875630856 743.287717819 744.208344936
222 0.3 0.3 -1 0.3 0.2 4.0 0.8 0.42 90.0 right 0 744.24168396 744.665663004 745.077855825 746.410941839
223 0.3 0.3 1 0.3 0.04472135955 4.0 0.4 0.42 22.0 right 1 746.443663836 746.86775589 747.279901981 748.259101868
224 0.3 0.3 1 0.3 0.0164754897244 4.0 0.4 0.42 22.0 right 1 748.292575836 748.716583967 749.128758907 750.002218962
225 0.3 0.3 -1 0.3 0.0736806299728 4.0 0.6 0.42 22.0 left 1 750.035328865 750.459357977 750.871573925 751.886226892
226 0.3 0.3 1 0.3 0.0736806299728 4.0 0.8 0.42 22.0 right 1 751.919542789 752.343497992 752.755698919 753.970472813
227 0.3 0.3 -1 0.3 0.2 4.0 0.2 0.42 22.0 left 1 754.00386095 754.42789197 754.840025902 756.184417963
228 0.3 0.3 -1 0.3 0.0271441761659 4.0 0.2 0.42 22.0 left 1 756.217803955 756.641796827 757.053937912 758.280377865
229 0.3 0.3 -1 0.3 0.01 4.0 0.4 0.42 90.0 left 1 758.313947916 758.737877846 759.15007782 760.317834854
230 0.3 0.3 -1 0.3 0.04472135955 4.0 0.2 0.42 22.0 left 1 760.351234913 760.775151968 761.187216997 762.10795188
231 0.3 0.3 -1 0.3 0.0736806299728 4.0 0.0 0.42 90.0 left 1 762.141191959 762.565137863 762.977276802 764.074524879
232 0.3 0.3 -1 0.3 0.0736806299728 4.0 0.8 0.42 90.0 left 1 764.107862949 764.531799793 764.943913937 766.0175488
233 0.3 0.3 1 0.3 0.0164754897244 4.0 0.2 0.42 22.0 left 0 766.050820827 766.474780798 766.88684988 767.889846802
234 0.3 0.3 -1 0.3 0.2 4.0 0.0 0.42 22.0 left 1 767.923260927 768.347186804 768.759375811 770.880897999
235 0.3 0.3 -1 0.3 0.0164754897244 4.0 0.4 0.42 22.0 right 0 770.914349794 771.338225842 771.750494003 772.682719946
236 0.3 0.3 1 0.3 0.04472135955 4.0 0.2 0.42 90.0 right 1 772.716112852 773.139891863 773.552048922 774.484409809
237 0.3 0.3 -1 0.3 0.121392446201 4.0 0.2 0.42 90.0 right 0 774.517796993 774.941691875 775.353865862 776.344858885
238 0.3 0.3 1 0.3 0.0164754897244 4.0 0.6 0.42 22.0 right 1 776.378391981 776.802186966 777.214482784 778.393812895
239 0.3 0.3 -1 0.3 0.0271441761659 4.0 0.8 0.42 90.0 right 0 778.427408934 778.851323843 779.263466835 780.160254002
240 0.3 0.3 1 0.3 0.0271441761659 4.0 0.4 0.42 22.0 right 1 780.193895817 780.617852926 781.029965878 781.950378895
241 0.3 0.3 -1 0.3 0.2 4.0 0.6 0.42 90.0 left 1 781.983795881 782.407813787 782.819943905 784.340847015
242 0.3 0.3 1 0.3 0.2 4.0 0.0 0.42 22.0 right 1 784.374298811 784.798210859 785.210391998 786.507815838
243 0.3 0.3 1 0.3 0.04472135955 4.0 0.2 0.42 22.0 right 1 786.541078806 786.96490097 787.377252817 788.568645
244 0.3 0.3 -1 0.3 0.2 4.0 0.6 0.42 22.0 left 1 788.601824999 789.025884867 789.438067913 790.782362938
245 0.3 0.3 -1 0.3 0.121392446201 4.0 0.0 0.42 90.0 right 0 790.815703869 791.239795923 791.651913881 793.231594801
246 0.3 0.3 1 0.3 0.0271441761659 4.0 0.0 0.42 90.0 left 0 793.265203953 793.689158916 794.101415873 795.057015896
247 0.3 0.3 1 0.3 0.01 4.0 0.6 0.42 22.0 right 1 795.090516806 795.514483929 795.926641941 796.788285017
248 0.3 0.3 1 0.3 0.2 4.0 0.8 0.42 90.0 right 1 796.821618795 797.245491982 797.65779686 798.896303892
249 0.3 0.3 -1 0.3 0.01 4.0 0.6 0.42 90.0 right 0 798.929441929 799.353351831 799.76551199 800.874615908
250 0.3 0.3 -1 0.3 0.0736806299728 4.0 0.2 0.42 90.0 right 0 800.907943964 801.331823826 801.743983984 802.605664015
251 0.3 0.3 1 0.3 0.0271441761659 4.0 0.6 0.42 90.0 right 1 802.638932943 803.062868834 803.475058794 804.371811867
252 0.3 0.3 1 0.3 0.2 4.0 0.4 0.42 90.0 right 1 804.405225992 804.829306841 805.241364002 806.126627922
253 0.3 0.3 1 0.3 0.121392446201 4.0 0.0 0.42 90.0 right 1 806.171692848 806.595652819 807.007836819 807.845923901
254 0.3 0.3 1 0.3 0.0736806299728 4.0 0.2 0.42 90.0 right 1 807.879287004 808.303300858 808.715385914 809.55356288
255 0.3 0.3 1 0.3 0.01 4.0 0.8 0.42 90.0 right 1 809.586830854 810.010634899 810.422832012 811.519943953
256 0.3 0.3 -1 0.3 0.0164754897244 4.0 0.6 0.42 22.0 left 1 811.553293943 811.977408886 812.3894279 813.286561012
257 0.3 0.3 1 0.3 0.121392446201 4.0 0.6 0.42 22.0 right 1 813.331606865 813.7555058 814.167555809 815.206295013
258 0.3 0.3 1 0.3 0.2 4.0 0.6 0.42 90.0 right 1 815.23930192 815.663228989 816.075365782 817.313804865
259 0.3 0.3 1 0.3 0.0736806299728 4.0 0.2 0.42 22.0 right 1 817.347065926 817.771205902 818.183303833 819.05653882
260 0.3 0.3 -1 0.3 0.04472135955 4.0 0.4 0.42 22.0 left 1 819.089981794 819.51398778 819.926064014 821.04697299
261 0.3 0.3 -1 0.3 0.2 4.0 0.2 0.42 90.0 left 1 821.080254793 821.504161835 821.916255951 823.072413921
262 0.3 0.3 -1 0.3 0.2 4.0 0.8 0.42 22.0 left 1 823.105710983 823.529665947 823.941814899 825.227189779
263 0.3 0.3 -1 0.3 0.121392446201 4.0 0.2 0.42 22.0 left 1 825.2606709 825.684587002 826.096731901 827.017279863
264 0.3 0.3 -1 0.3 0.04472135955 4.0 0.4 0.42 90.0 left 1 827.050626993 827.474459887 827.886650801 828.73653698
265 0.3 0.3 1 0.3 0.01 4.0 0.2 0.42 90.0 left 0 828.769912004 829.193902016 829.605987787 830.679677963
266 0.3 0.3 1 0.3 0.0164754897244 4.0 0.0 0.42 90.0 left 0 830.712960005 831.136978865 831.549161911 832.693495989
267 0.3 0.3 1 0.3 0.121392446201 4.0 0.6 0.42 90.0 right 1 832.726536989 833.150534868 833.562744856 835.554745913
268 0.3 0.3 1 0.3 0.01 4.0 0.2 0.42 22.0 right 1 835.588096857 836.012212992 836.424377918 837.321335793
269 0.3 0.3 1 0.3 0.0164754897244 4.0 0.8 0.42 90.0 right 1 837.354678869 837.778586864 838.190666914 839.134588003
270 0.3 0.3 1 0.3 0.0164754897244 4.0 0.2 0.42 90.0 right 1 839.168208838 839.592058897 840.00422287 840.877678871
271 0.3 0.3 1 0.3 0.0164754897244 4.0 0.0 0.42 22.0 right 1 840.911028862 841.334867954 841.747049809 842.632511854
272 0.3 0.3 -1 0.3 0.01 4.0 0.8 0.42 90.0 right 0 842.66561985 843.089488983 843.501645803 844.434283972
273 0.3 0.3 -1 0.3 0.0271441761659 4.0 0.0 0.42 90.0 left 1 844.467420816 844.891291857 845.303537846 846.565799952
274 0.3 0.3 -1 0.3 0.0736806299728 4.0 0.0 0.42 22.0 left 1 846.598752975 847.02282095 847.434836864 848.602916956
275 0.3 0.3 1 0.3 0.2 4.0 0.8 0.42 22.0 right 1 848.636018991 849.059988976 849.472108841 850.910615921
276 0.3 0.3 -1 0.3 0.04472135955 4.0 0.6 0.42 90.0 left 1 850.94418788 851.368036985 851.78020978 852.759521961
277 0.3 0.3 1 0.3 0.0736806299728 4.0 0.8 0.42 90.0 right 1 852.792987823 853.216923952 853.629019976 854.526233912
278 0.3 0.3 -1 0.3 0.01 4.0 0.2 0.42 22.0 left 1 854.55949378 854.983422995 855.395402908 856.445386887
279 0.3 0.3 -1 0.3 0.04472135955 4.0 0.0 0.42 90.0 right 0 856.47892499 856.902838945 857.314898014 858.223809004
280 0.3 0.3 -1 0.3 0.04472135955 4.0 0.8 0.42 22.0 left 1 858.257131815 858.681101799 859.093290806 860.025489807
