trial durationPreFixation durationFixation direction durationGrating duration speed phaseIni contrast size response correct time_onset time_fixation time_stimulus time_response
1 0.3 0.3 -1 0.3 0.0271441761659 4.0 0.2 0.42 22.0 left 1 28.6433050632 29.0671420097 29.4792289734 30.3272459507
2 0.3 0.3 1 0.3 0.0736806299728 4.0 0.8 0.42 90.0 right 1 30.3624289036 30.7864739895 31.1986789703 31.8015060425
3 0.3 0.3 -1 0.3 0.0736806299728 4.0 0.0 0.42 22.0 left 1 31.8346369267 32.2584540844 32.6706140041 33.379349947
4 0.3 0.3 -1 0.3 0.2 4.0 0.6 0.42 90.0 left 1 33.412528038 33.8364388943 34.2485690117 34.9344060421
5 0.3 0.3 1 0.3 0.0164754897244 4.0 0.8 0.42 22.0 right 1 34.9669640064 35.3909070492 35.8030889034 36.5232639313
6 0.3 0.3 1 0.3 0.0271441761659 4.0 0.6 0.42 90.0 right 1 36.5565879345 36.9807479382 37.3929219246 38.325275898
7 0.3 0.3 -1 0.3 0.2 4.0 0.8 0.42 22.0 left 1 38.3583760262 38.7824659348 39.1945829391 39.7154669762
8 0.3 0.3 1 0.3 0.0164754897244 4.0 0.4 0.42 22.0 right 1 39.7479598522 40.1719510555 40.5840640068 41.5752470493
9 0.3 0.3 -1 0.3 0.0271441761659 4.0 0.4 0.42 90.0 left 1 41.6086559296 42.0325069427 42.4447720051 43.2242720127
10 0.3 0.3 1 0.3 0.0164754897244 4.0 0.2 0.42 90.0 right 1 43.2572209835 43.6812028885 44.0933880806 44.8960039616
11 0.3 0.3 -1 0.3 0.0271441761659 4.0 0.4 0.42 22.0 left 1 44.9294550419 45.3534140587 45.7656579018 46.7214949131
12 0.3 0.3 1 0.3 0.0164754897244 4.0 0.2 0.42 22.0 left 0 46.7546858788 47.1786699295 47.5909080505 48.3583080769
13 0.3 0.3 1 0.3 0.2 4.0 0.2 0.42 90.0 right 1 48.39158988 48.81554389 49.2276959419 49.8073940277
14 0.3 0.3 -1 0.3 0.01 4.0 0.2 0.42 22.0 left 1 49.8400700092 50.2640419006 50.6761169434 51.5379500389
15 0.3 0.3 -1 0.3 0.2 4.0 0.2 0.42 22.0 left 1 51.5711860657 51.9950549603 52.4071500301 53.0229740143
16 0.3 0.3 1 0.3 0.04472135955 4.0 0.6 0.42 90.0 left 0 53.0548119545 53.4788899422 53.8908929825 54.7999110222
17 0.3 0.3 -1 0.3 0.121392446201 4.0 0.2 0.42 90.0 right 0 54.8331809044 55.2571220398 55.6692159176 56.5780589581
18 0.3 0.3 1 0.3 0.2 4.0 0.8 0.42 90.0 right 1 56.6112389565 57.0350968838 57.4472959042 57.9566149712
19 0.3 0.3 -1 0.3 0.2 4.0 0.8 0.42 90.0 left 1 57.9890639782 58.412966013 58.8250770569 59.463768959
20 0.3 0.3 -1 0.3 0.121392446201 4.0 0.0 0.42 90.0 right 0 59.4963579178 59.9203519821 60.3325510025 61.265032053
21 0.3 0.3 -1 0.3 0.121392446201 4.0 0.4 0.42 22.0 left 1 61.2982308865 61.7219460011 62.1341319084 63.1606738567
22 0.3 0.3 1 0.3 0.121392446201 4.0 0.2 0.42 22.0 right 1 63.1940848827 63.6179249287 64.0301179886 64.680562973
23 0.3 0.3 -1 0.3 0.0271441761659 4.0 0.0 0.42 22.0 right 0 64.7132270336 65.1372129917 65.5493400097 66.62312603
24 0.3 0.3 -1 0.3 0.0736806299728 4.0 0.2 0.42 90.0 left 1 66.6561448574 67.0800600052 67.4922719002 68.3068840504
25 0.3 0.3 -1 0.3 0.0736806299728 4.0 0.8 0.42 22.0 left 1 68.3402440548 68.7641789913 69.1764080524 69.8966090679
26 0.3 0.3 -1 0.3 0.2 4.0 0.2 0.42 90.0 left 1 69.9299759865 70.3538210392 70.7660169601 71.2636299133
27 0.3 0.3 -1 0.3 0.0164754897244 4.0 0.6 0.42 90.0 left 1 71.2960789204 71.7199289799 72.1321380138 72.9702270031
28 0.3 0.3 -1 0.3 0.2 4.0 0.0 0.42 90.0 left 1 73.0036430359 73.4274020195 73.8395659924 74.3373060226
29 0.3 0.3 -1 0.3 0.01 4.0 0.0 0.42 22.0 left 1 74.369590044 74.7934188843 75.2057249546 76.0906178951
30 0.3 0.3 -1 0.3 0.04472135955 4.0 0.4 0.42 90.0 left 1 76.1240918636 76.5480589867 76.9603199959 77.7508640289
31 0.3 0.3 -1 0.3 0.2 4.0 0.6 0.42 22.0 left 1 77.784528017 78.2085020542 78.6206820011 79.21210289
32 0.3 0.3 -1 0.3 0.04472135955 4.0 0.0 0.42 90.0 left 1 79.2447998524 79.6687068939 80.0807890892 80.8601529598
33 0.3 0.3 1 0.3 0.0164754897244 4.0 0.6 0.42 22.0 right 1 80.8934590816 81.3174118996 81.7295839787 82.6145579815
34 0.3 0.3 1 0.3 0.01 4.0 0.4 0.42 90.0 left 0 82.6480538845 83.0721008778 83.4840979576 84.4638400078
35 0.3 0.3 1 0.3 0.0736806299728 4.0 0.8 0.42 22.0 right 1 84.4969079494 84.9209210873 85.333026886 86.0535709858
36 0.3 0.3 1 0.3 0.121392446201 4.0 0.0 0.42 22.0 right 1 86.0984890461 86.5224618912 86.9345428944 87.5733919144
37 0.3 0.3 -1 0.3 0.01 4.0 0.4 0.42 90.0 left 1 87.605741024 88.0296418667 88.4418330193 89.2564790249
38 0.3 0.3 1 0.3 0.01 4.0 0.0 0.42 22.0 left 0 89.2896590233 89.7136540413 90.1257679462 90.9639029503
39 0.3 0.3 1 0.3 0.2 4.0 0.4 0.42 22.0 right 1 90.9972269535 91.42126894 91.8334538937 92.4484000206
40 0.3 0.3 -1 0.3 0.04472135955 4.0 0.0 0.42 22.0 left 1 92.4810230732 92.9048929214 93.3171160221 94.0612778664
41 0.3 0.3 -1 0.3 0.0736806299728 4.0 0.4 0.42 22.0 left 1 94.0944499969 94.5183498859 94.9304308891 95.7686610222
42 0.3 0.3 -1 0.3 0.04472135955 4.0 0.2 0.42 22.0 left 1 95.8018450737 96.2257990837 96.6380159855 97.4055299759
43 0.3 0.3 -1 0.3 0.01 4.0 0.0 0.42 90.0 left 1 97.4386909008 97.8626739979 98.2748968601 99.1599628925
44 0.3 0.3 1 0.3 0.0271441761659 4.0 0.0 0.42 90.0 left 0 99.1934459209 99.6173830032 100.029550076 100.773086071
45 0.3 0.3 -1 0.3 0.0164754897244 4.0 0.6 0.42 22.0 left 1 100.806596994 101.230660915 101.642858028 102.445453882
46 0.3 0.3 -1 0.3 0.0164754897244 4.0 0.0 0.42 90.0 left 1 102.490673065 102.914638042 103.326720953 104.176760912
47 0.3 0.3 1 0.3 0.0736806299728 4.0 0.2 0.42 22.0 right 1 104.20996809 104.63380003 105.046021938 105.860934019
48 0.3 0.3 -1 0.3 0.0164754897244 4.0 0.2 0.42 90.0 left 1 105.905701876 106.329678059 106.741780996 107.616111994
49 0.3 0.3 1 0.3 0.0271441761659 4.0 0.0 0.42 22.0 right 1 107.648438931 108.072494984 108.484690905 109.264234066
50 0.3 0.3 1 0.3 0.121392446201 4.0 0.4 0.42 90.0 right 1 109.29718399 109.721237898 110.133265018 110.959496975
51 0.3 0.3 -1 0.3 0.04472135955 4.0 0.6 0.42 22.0 left 1 110.992928982 111.416863918 111.829079866 116.470860958
52 0.3 0.3 -1 0.3 0.0271441761659 4.0 0.6 0.42 22.0 left 1 116.504168987 116.928123951 117.340287924 118.16662693
53 0.3 0.3 -1 0.3 0.121392446201 4.0 0.2 0.42 22.0 left 1 118.19995594 118.62378788 119.035884857 119.791965961
54 0.3 0.3 -1 0.3 0.0736806299728 4.0 0.6 0.42 22.0 left 1 119.824939966 120.248959064 120.661077023 121.428916931
55 0.3 0.3 -1 0.3 0.0736806299728 4.0 0.6 0.42 90.0 right 0 121.46181488 121.885699034 122.297895908 122.95924592
56 0.3 0.3 1 0.3 0.0164754897244 4.0 0.6 0.42 90.0 left 0 122.992713928 123.416622877 123.828782082 124.878975868
57 0.3 0.3 1 0.3 0.01 4.0 0.4 0.42 22.0 right 1 124.91219902 125.336204052 125.748378038 126.739590883
58 0.3 0.3 1 0.3 0.0164754897244 4.0 0.0 0.42 22.0 right 1 126.772883892 127.196793079 127.608982086 128.517605066
59 0.3 0.3 1 0.3 0.121392446201 4.0 0.8 0.42 22.0 right 1 128.550930023 128.974930048 129.387239933 130.107255936
60 0.3 0.3 -1 0.3 0.121392446201 4.0 0.8 0.42 22.0 left 1 130.140702963 130.564630032 130.976796865 131.732285976
61 0.3 0.3 -1 0.3 0.2 4.0 0.0 0.42 22.0 left 1 131.765868902 132.189692974 132.601876974 133.252475977
62 0.3 0.3 -1 0.3 0.04472135955 4.0 0.6 0.42 90.0 right 0 133.285043001 133.708986044 134.121007919 134.88855195
63 0.3 0.3 1 0.3 0.0271441761659 4.0 0.8 0.42 90.0 left 0 134.921766996 135.345794916 135.758008003 136.607707977
64 0.3 0.3 1 0.3 0.01 4.0 0.8 0.42 90.0 left 0 136.641224861 137.065129995 137.477277994 138.292135
65 0.3 0.3 1 0.3 0.2 4.0 0.0 0.42 22.0 right 1 138.336895943 138.760700941 139.172896862 139.82366395
66 0.3 0.3 -1 0.3 0.04472135955 4.0 0.8 0.42 22.0 left 1 139.85609889 140.27996397 140.692134857 141.577362061
67 0.3 0.3 1 0.3 0.04472135955 4.0 0.0 0.42 22.0 right 1 141.61055994 142.03450799 142.446650982 143.23765707
68 0.3 0.3 1 0.3 0.04472135955 4.0 0.2 0.42 22.0 right 1 143.270974874 143.694910049 144.107074976 144.886266947
69 0.3 0.3 1 0.3 0.04472135955 4.0 0.4 0.42 90.0 right 1 144.919653893 145.343571901 145.755748987 146.476145983
70 0.3 0.3 -1 0.3 0.0164754897244 4.0 0.0 0.42 22.0 right 0 146.50948 146.933357954 147.345557928 148.101018906
71 0.3 0.3 1 0.3 0.2 4.0 0.0 0.42 90.0 right 1 148.13459301 148.558534861 148.970727921 149.914648056
72 0.3 0.3 -1 0.3 0.0736806299728 4.0 0.0 0.42 90.0 left 1 149.948001862 150.372003078 150.784120083 151.904757023
73 0.3 0.3 -1 0.3 0.0271441761659 4.0 0.2 0.42 90.0 right 0 151.938174963 152.362155914 152.774173975 153.541786909
74 0.3 0.3 -1 0.3 0.04472135955 4.0 0.4 0.42 22.0 left 1 153.57502389 153.998924017 154.411133051 155.190322876
75 0.3 0.3 1 0.3 0.01 4.0 0.6 0.42 22.0 right 1 155.223713875 155.647635937 156.05971694 156.827656984
76 0.3 0.3 1 0.3 0.0736806299728 4.0 0.6 0.42 90.0 right 1 156.860508919 157.284488916 157.696668863 158.499499083
77 0.3 0.3 -1 0.3 0.01 4.0 0.6 0.42 90.0 right 0 158.544574976 158.968492031 159.38053894 160.242546082
78 0.3 0.3 -1 0.3 0.121392446201 4.0 0.4 0.42 90.0 left 1 160.275624037 160.699486971 161.111703873 161.879045963
79 0.3 0.3 1 0.3 0.04472135955 4.0 0.4 0.42 22.0 right 1 161.912425995 162.336461067 162.748588085 163.598362923
80 0.3 0.3 -1 0.3 0.2 4.0 0.4 0.42 90.0 left 1 163.631670952 164.055686951 164.467767954 165.118476868
81 0.3 0.3 -1 0.3 0.121392446201 4.0 0.8 0.42 90.0 right 0 165.150949001 165.574856043 165.987061024 166.590435982
82 0.3 0.3 1 0.3 0.0164754897244 4.0 0.4 0.42 90.0 right 1 166.622955084 167.046789885 167.459061861 168.473813057
83 0.3 0.3 -1 0.3 0.0164754897244 4.0 0.4 0.42 22.0 right 0 168.506922007 168.930930853 169.343092918 170.181187868
84 0.3 0.3 1 0.3 0.2 4.0 0.6 0.42 90.0 right 1 170.21450305 170.638494968 171.05072403 171.571969986
85 0.3 0.3 -1 0.3 0.2 4.0 0.4 0.42 22.0 left 1 171.604096889 172.028123856 172.440300941 173.149966955
86 0.3 0.3 -1 0.3 0.01 4.0 0.6 0.42 22.0 left 1 173.182230949 173.606041908 174.018264055 174.89141202
87 0.3 0.3 1 0.3 0.0736806299728 4.0 0.2 0.42 90.0 right 1 174.92492795 175.348836899 175.761000872 176.563657999
88 0.3 0.3 -1 0.3 0.01 4.0 0.2 0.42 90.0 left 1 176.597163916 177.02114296 177.433181047 178.483517885
89 0.3 0.3 1 0.3 0.2 4.0 0.4 0.42 90.0 right 1 178.516655922 178.940671921 179.352812052 179.932380915
90 0.3 0.3 -1 0.3 0.0271441761659 4.0 0.0 0.42 90.0 left 1 179.965197086 180.389086008 180.80131197 181.804347038
91 0.3 0.3 1 0.3 0.04472135955 4.0 0.8 0.42 90.0 right 1 181.837516069 182.261465073 182.673651934 183.853127956
92 0.3 0.3 1 0.3 0.0736806299728 4.0 0.6 0.42 22.0 right 1 183.886477947 184.310455084 184.722723007 185.466770887
93 0.3 0.3 1 0.3 0.01 4.0 0.0 0.42 90.0 right 1 185.511650085 185.93563509 186.347805023 187.339032888
94 0.3 0.3 1 0.3 0.2 4.0 0.6 0.42 22.0 right 1 187.372283936 187.796171904 188.208425999 188.823678017
95 0.3 0.3 -1 0.3 0.0164754897244 4.0 0.8 0.42 22.0 left 1 188.856023073 189.279978991 189.692121029 191.213068962
96 0.3 0.3 1 0.3 0.01 4.0 0.2 0.42 90.0 right 1 191.246461868 191.670521021 192.082568884 192.932436943
97 0.3 0.3 -1 0.3 0.0271441761659 4.0 0.6 0.42 90.0 right 0 192.965807915 193.389770985 193.801977873 194.546290874
98 0.3 0.3 -1 0.3 0.0271441761659 4.0 0.8 0.42 90.0 right 0 194.590950012 195.014848948 195.4269979 196.194581985
99 0.3 0.3 -1 0.3 0.0271441761659 4.0 0.8 0.42 22.0 left 1 196.239562035 196.663486958 197.075602055 197.866779089
100 0.3 0.3 1 0.3 0.121392446201 4.0 0.0 0.42 90.0 right 1 197.899906874 198.323947906 198.736127853 199.479896069
101 0.3 0.3 -1 0.3 0.0736806299728 4.0 0.2 0.42 22.0 left 1 199.513360023 199.937252998 200.349432945 201.081671953
102 0.3 0.3 1 0.3 0.0164754897244 4.0 0.8 0.42 90.0 left 0 201.114881039 201.538850069 201.950999022 202.706712961
103 0.3 0.3 -1 0.3 0.121392446201 4.0 0.6 0.42 90.0 left 1 202.739897966 203.163938999 203.576102972 204.202961922
104 0.3 0.3 1 0.3 0.0271441761659 4.0 0.2 0.42 90.0 left 0 204.235481977 204.659409046 205.071537971 205.839349985
105 0.3 0.3 -1 0.3 0.04472135955 4.0 0.2 0.42 90.0 left 1 205.87232399 206.296328068 206.708467007 207.428848028
106 0.3 0.3 1 0.3 0.04472135955 4.0 0.2 0.42 90.0 left 0 207.462161064 207.886137962 208.298129082 209.041926861
107 0.3 0.3 -1 0.3 0.0164754897244 4.0 0.4 0.42 90.0 left 1 209.075325012 209.499397039 209.91156292 210.70231986
108 0.3 0.3 -1 0.3 0.0736806299728 4.0 0.8 0.42 90.0 left 1 210.735900879 211.159853935 211.572007895 212.268707037
109 0.3 0.3 1 0.3 0.2 4.0 0.8 0.42 22.0 right 1 212.30201292 212.725923061 213.138123989 213.788764954
110 0.3 0.3 -1 0.3 0.01 4.0 0.4 0.42 22.0 left 1 213.821256876 214.245183945 214.657222986 215.612950087
111 0.3 0.3 1 0.3 0.0736806299728 4.0 0.0 0.42 22.0 right 1 215.646460056 216.070481062 216.482589006 217.191083908
112 0.3 0.3 1 0.3 0.0271441761659 4.0 0.4 0.42 22.0 right 1 217.224456072 217.648302078 218.060531855 219.004483938
113 0.3 0.3 1 0.3 0.121392446201 4.0 0.2 0.42 90.0 right 1 219.03796792 219.461837053 219.873995066 220.618042946
114 0.3 0.3 1 0.3 0.0736806299728 4.0 0.4 0.42 22.0 right 1 220.651262045 221.075325012 221.487472057 222.301980972
115 0.3 0.3 1 0.3 0.01 4.0 0.2 0.42 22.0 left 0 222.33515501 222.759177923 223.171323061 224.162275076
116 0.3 0.3 1 0.3 0.121392446201 4.0 0.6 0.42 22.0 left 0 224.195812941 224.619772911 225.031858921 225.623584986
117 0.3 0.3 -1 0.3 0.0164754897244 4.0 0.8 0.42 90.0 left 1 225.655993938 226.079985857 226.492145061 227.365710974
118 0.3 0.3 1 0.3 0.0271441761659 4.0 0.2 0.42 22.0 right 1 227.399012089 227.82294488 228.235049009 229.096732855
119 0.3 0.3 1 0.3 0.04472135955 4.0 0.8 0.42 22.0 right 1 229.129905939 229.553976059 229.966034889 230.745148897
120 0.3 0.3 1 0.3 0.0271441761659 4.0 0.6 0.42 22.0 right 1 230.778678894 231.202564955 231.614753008 232.393691063
121 0.3 0.3 -1 0.3 0.121392446201 4.0 0.6 0.42 22.0 left 1 232.427245855 232.851145029 233.263308048 234.01908803
122 0.3 0.3 -1 0.3 0.04472135955 4.0 0.8 0.42 90.0 right 0 234.052372932 234.476319075 234.888495922 235.761646986
123 0.3 0.3 -1 0.3 0.0736806299728 4.0 0.4 0.42 90.0 left 1 235.795199871 236.219161987 236.63132906 237.458091974
124 0.3 0.3 1 0.3 0.121392446201 4.0 0.6 0.42 90.0 right 1 237.491070986 237.914859056 238.327149868 239.106056929
125 0.3 0.3 1 0.3 0.121392446201 4.0 0.8 0.42 90.0 right 1 239.139606953 239.563657045 239.975818872 240.602624893
126 0.3 0.3 1 0.3 0.04472135955 4.0 0.6 0.42 22.0 right 1 240.635202885 241.059019089 241.471293926 242.179744005
127 0.3 0.3 -1 0.3 0.01 4.0 0.8 0.42 90.0 right 0 242.213118076 242.637068033 243.049284935 243.852150917
128 0.3 0.3 1 0.3 0.04472135955 4.0 0.0 0.42 90.0 right 1 243.885436058 244.309283018 244.721428871 245.677417994
129 0.3 0.3 -1 0.3 0.01 4.0 0.8 0.42 22.0 left 1 245.710622072 246.134525061 246.546720982 247.396512032
130 0.3 0.3 1 0.3 0.0164754897244 4.0 0.0 0.42 90.0 left 0 247.429913998 247.853791952 248.265984058 249.080741882
131 0.3 0.3 1 0.3 0.0736806299728 4.0 0.0 0.42 90.0 right 1 249.113961935 249.537745953 249.949975014 250.705610037
132 0.3 0.3 1 0.3 0.0271441761659 4.0 0.8 0.42 22.0 right 1 250.738950014 251.162978888 251.57516408 252.483954906
133 0.3 0.3 -1 0.3 0.0164754897244 4.0 0.2 0.42 22.0 left 1 252.517245054 252.941127062 253.35324502 254.379757881
134 0.3 0.3 1 0.3 0.2 4.0 0.2 0.42 22.0 right 1 254.413085938 254.837046862 255.249147892 255.911540031
135 0.3 0.3 1 0.3 0.01 4.0 0.6 0.42 90.0 left 0 255.944058895 256.367882013 256.780174017 257.712480068
136 0.3 0.3 1 0.3 0.121392446201 4.0 0.4 0.42 22.0 right 1 257.757529974 258.181324005 258.593538046 259.33748889
137 0.3 0.3 1 0.3 0.0271441761659 4.0 0.4 0.42 90.0 right 1 259.370785952 259.794775009 260.20685792 261.362916946
138 0.3 0.3 1 0.3 0.01 4.0 0.8 0.42 22.0 right 1 261.396264076 261.820137024 262.232317924 263.141398907
139 0.3 0.3 1 0.3 0.0736806299728 4.0 0.4 0.42 90.0 right 1 263.174547911 263.598515034 264.010669947 264.754334927
140 0.3 0.3 -1 0.3 0.121392446201 4.0 0.0 0.42 22.0 left 1 264.787867069 265.211750984 265.623934031 266.426663876
141 0.3 0.3 1 0.3 0.0271441761659 4.0 0.2 0.42 22.0 right 1 505.489676952 505.913511038 506.325783014 507.128644943
142 0.3 0.3 -1 0.3 0.0271441761659 4.0 0.0 0.42 90.0 right 0 507.161839008 507.585677862 507.997974873 509.083239079
143 0.3 0.3 -1 0.3 0.2 4.0 0.2 0.42 90.0 left 1 509.116641045 509.540544987 509.952684879 510.45034194
144 0.3 0.3 -1 0.3 0.04472135955 4.0 0.4 0.42 90.0 left 1 510.482775927 510.906667948 511.318817854 512.310052872
145 0.3 0.3 1 0.3 0.0271441761659 4.0 0.2 0.42 90.0 left 0 512.343391895 512.767262936 513.179359913 514.041455984
146 0.3 0.3 1 0.3 0.01 4.0 0.8 0.42 22.0 right 1 514.086073875 514.510060072 514.922155857 515.760281086
147 0.3 0.3 -1 0.3 0.2 4.0 0.4 0.42 22.0 left 1 515.793653965 516.217628956 516.629809856 517.221267939
148 0.3 0.3 -1 0.3 0.0271441761659 4.0 0.4 0.42 90.0 left 1 517.25394702 517.677937031 518.09006691 519.293076038
149 0.3 0.3 1 0.3 0.04472135955 4.0 0.8 0.42 90.0 right 1 519.326541901 519.750345945 520.162678003 521.047601938
150 0.3 0.3 -1 0.3 0.121392446201 4.0 0.8 0.42 22.0 left 1 521.081053972 521.504993916 521.91714406 523.226122856
151 0.3 0.3 -1 0.3 0.0164754897244 4.0 0.8 0.42 22.0 right 0 523.259628057 523.683688879 524.095731974 524.98071909
152 0.3 0.3 1 0.3 0.01 4.0 0.8 0.42 90.0 right 1 525.014235973 525.438128948 525.850385904 526.735799074
153 0.3 0.3 -1 0.3 0.2 4.0 0.6 0.42 22.0 left 1 526.768923998 527.192864895 527.605047941 528.208450079
154 0.3 0.3 1 0.3 0.04472135955 4.0 0.2 0.42 90.0 right 1 528.240895033 528.664824009 529.076967955 529.985569
155 0.3 0.3 -1 0.3 0.0271441761659 4.0 0.2 0.42 90.0 right 0 530.019170046 530.443065882 530.855090857 531.763762951
156 0.3 0.3 -1 0.3 0.0164754897244 4.0 0.6 0.42 22.0 right 0 531.797338963 532.221186876 532.633388996 533.424587011
157 0.3 0.3 1 0.3 0.2 4.0 0.0 0.42 22.0 right 1 533.469388008 533.893502951 534.305616856 534.838487864
158 0.3 0.3 -1 0.3 0.01 4.0 0.4 0.42 90.0 right 0 534.870873928 535.294754982 535.706846952 536.486015081
159 0.3 0.3 -1 0.3 0.01 4.0 0.6 0.42 22.0 right 0 536.519486904 536.943392038 537.355560064 538.181969881
160 0.3 0.3 -1 0.3 0.04472135955 4.0 0.4 0.42 22.0 left 1 538.215251923 538.639194012 539.05121994 540.04264307
161 0.3 0.3 -1 0.3 0.121392446201 4.0 0.0 0.42 22.0 left 1 540.07592988 540.499808073 540.911874056 541.691086054
162 0.3 0.3 1 0.3 0.0736806299728 4.0 0.2 0.42 90.0 right 1 541.724546909 542.148366928 542.560606003 543.292723894
163 0.3 0.3 -1 0.3 0.0164754897244 4.0 0.2 0.42 22.0 right 0 543.32602191 543.749831915 544.162143946 544.964648008
164 0.3 0.3 1 0.3 0.0164754897244 4.0 0.6 0.42 90.0 left 0 544.998276949 545.422227859 545.834374905 546.660717964
165 0.3 0.3 -1 0.3 0.2 4.0 0.0 0.42 22.0 left 1 546.694002867 547.117907047 547.530072927 550.688153982
166 0.3 0.3 -1 0.3 0.2 4.0 0.0 0.42 90.0 left 1 550.733206034 551.157130957 551.569339991 552.255218983
167 0.3 0.3 -1 0.3 0.01 4.0 0.8 0.42 22.0 right 0 552.287554026 552.711372852 553.123584032 553.938169003
168 0.3 0.3 1 0.3 0.0164754897244 4.0 0.8 0.42 90.0 left 0 553.97151804 554.395473957 554.807612896 555.633785009
169 0.3 0.3 -1 0.3 0.0164754897244 4.0 0.6 0.42 90.0 right 0 555.667360067 556.091239929 556.503423929 557.553296089
170 0.3 0.3 -1 0.3 0.2 4.0 0.8 0.42 90.0 left 1 557.58680892 558.010680914 558.422797918 559.085123062
171 0.3 0.3 -1 0.3 0.2 4.0 0.8 0.42 22.0 left 1 559.117604017 559.541624069 559.953764915 560.616265059
172 0.3 0.3 1 0.3 0.0736806299728 4.0 0.4 0.42 22.0 right 1 560.648616076 561.072566032 561.484754086 562.192853928
173 0.3 0.3 -1 0.3 0.2 4.0 0.4 0.42 90.0 left 1 562.226527929 562.650515079 563.062721014 563.665826082
174 0.3 0.3 -1 0.3 0.04472135955 4.0 0.0 0.42 90.0 left 1 563.69857502 564.122442007 564.534612894 565.361176968
175 0.3 0.3 1 0.3 0.0164754897244 4.0 0.0 0.42 22.0 right 1 565.39429307 565.818186998 566.230341911 567.021508932
176 0.3 0.3 1 0.3 0.2 4.0 0.8 0.42 22.0 right 1 567.054647923 567.478580952 567.890686989 568.518128872
177 0.3 0.3 1 0.3 0.04472135955 4.0 0.0 0.42 90.0 left 0 568.550194979 568.974129915 569.386278868 570.24770999
178 0.3 0.3 -1 0.3 0.121392446201 4.0 0.2 0.42 90.0 left 1 570.281409025 570.705324888 571.117440939 571.872797012
179 0.3 0.3 1 0.3 0.121392446201 4.0 0.2 0.42 90.0 right 1 571.906466961 572.33039999 572.742546082 573.451319933
180 0.3 0.3 -1 0.3 0.121392446201 4.0 0.2 0.42 22.0 left 1 573.484441042 573.908189058 574.320451021 575.017580986
181 0.3 0.3 1 0.3 0.0736806299728 4.0 0.4 0.42 90.0 right 1 575.050653934 575.474587917 575.886575937 576.583509922
182 0.3 0.3 -1 0.3 0.121392446201 4.0 0.6 0.42 90.0 left 1 576.616859913 577.040850878 577.452980042 578.092015028
183 0.3 0.3 1 0.3 0.0164754897244 4.0 0.6 0.42 22.0 right 1 578.124240875 578.548100948 578.960186958 579.762857914
184 0.3 0.3 -1 0.3 0.0736806299728 4.0 0.6 0.42 90.0 left 1 579.796256065 580.220314026 580.632524967 581.341093063
185 0.3 0.3 1 0.3 0.0736806299728 4.0 0.0 0.42 90.0 right 1 581.374345064 581.798312902 582.210476875 582.82524395
186 0.3 0.3 -1 0.3 0.0271441761659 4.0 0.4 0.42 22.0 left 1 582.858144999 583.282078981 583.694196939 584.449953079
187 0.3 0.3 -1 0.3 0.0736806299728 4.0 0.0 0.42 90.0 left 1 584.483206987 584.907209873 585.319177866 588.677371979
188 0.3 0.3 1 0.3 0.0164754897244 4.0 0.4 0.42 22.0 right 1 588.710711002 589.134649038 589.546773911 590.537917852
189 0.3 0.3 1 0.3 0.01 4.0 0.6 0.42 90.0 right 1 590.571490049 590.995272875 591.407505989 592.280875921
190 0.3 0.3 1 0.3 0.2 4.0 0.2 0.42 90.0 right 1 592.314220905 592.738199949 593.150228024 593.859863043
191 0.3 0.3 1 0.3 0.01 4.0 0.2 0.42 22.0 left 0 593.892309904 594.316091061 594.728424072 595.813647032
192 0.3 0.3 -1 0.3 0.0164754897244 4.0 0.8 0.42 90.0 left 1 595.846971989 596.270962 596.683130026 597.556702852
193 0.3 0.3 1 0.3 0.2 4.0 0.4 0.42 22.0 right 1 597.589834929 598.013925076 598.426040888 599.241227865
194 0.3 0.3 1 0.3 0.04472135955 4.0 0.6 0.42 90.0 left 0 599.273752928 599.697865009 600.109971046 600.924530983
195 0.3 0.3 1 0.3 0.01 4.0 0.0 0.42 22.0 right 1 600.9578619 601.38172102 601.793983936 602.961916924
196 0.3 0.3 1 0.3 0.01 4.0 0.2 0.42 90.0 left 0 602.995105028 603.419028044 603.831176996 604.822793007
197 0.3 0.3 -1 0.3 0.01 4.0 0.4 0.42 22.0 right 0 604.867454052 605.291373014 605.70359087 606.636179924
198 0.3 0.3 1 0.3 0.04472135955 4.0 0.4 0.42 90.0 right 1 606.669214964 607.093211889 607.505383968 608.520108938
199 0.3 0.3 -1 0.3 0.121392446201 4.0 0.6 0.42 22.0 left 1 608.55340004 608.977247 609.389523029 610.063474894
200 0.3 0.3 -1 0.3 0.01 4.0 0.2 0.42 22.0 left 1 610.096091986 610.52009201 610.932216883 611.711267948
201 0.3 0.3 -1 0.3 0.121392446201 4.0 0.4 0.42 22.0 left 1 611.744698048 612.168726921 612.580884933 613.254966974
202 0.3 0.3 1 0.3 0.0164754897244 4.0 0.8 0.42 22.0 left 0 613.287288904 613.711313009 614.123421907 614.926095009
203 0.3 0.3 -1 0.3 0.2 4.0 0.6 0.42 90.0 left 1 614.959424019 615.383426905 615.795578003 616.363682032
204 0.3 0.3 -1 0.3 0.0271441761659 4.0 0.2 0.42 22.0 left 1 616.396125078 616.820051908 617.232210875 618.023112059
205 0.3 0.3 1 0.3 0.0271441761659 4.0 0.6 0.42 22.0 right 1 618.056611061 618.480578899 618.892750025 619.754498959
206 0.3 0.3 -1 0.3 0.01 4.0 0.0 0.42 90.0 right 0 619.787719011 620.211652994 620.623839855 621.57940197
207 0.3 0.3 -1 0.3 0.0736806299728 4.0 0.8 0.42 90.0 left 1 621.612892866 622.036988974 622.449189901 623.240000963
208 0.3 0.3 1 0.3 0.04472135955 4.0 0.2 0.42 22.0 right 1 623.273376942 623.697324991 624.109524965 624.888869047
209 0.3 0.3 1 0.3 0.01 4.0 0.6 0.42 22.0 right 1 624.922157049 625.346014977 625.758152962 626.654913902
210 0.3 0.3 1 0.3 0.121392446201 4.0 0.0 0.42 22.0 right 1 626.688397884 627.112379074 627.524577856 628.233124018
211 0.3 0.3 1 0.3 0.0271441761659 4.0 0.8 0.42 90.0 left 0 628.266419888 628.690289974 629.102479935 629.905288935
212 0.3 0.3 1 0.3 0.0164754897244 4.0 0.2 0.42 90.0 left 0 629.938704014 630.362528086 630.774605989 631.62449193
213 0.3 0.3 1 0.3 0.121392446201 4.0 0.0 0.42 90.0 right 1 631.658002853 632.081938982 632.494040012 633.237887859
214 0.3 0.3 1 0.3 0.01 4.0 0.4 0.42 22.0 right 1 633.282931089 633.70697999 634.119051933 635.06308794
215 0.3 0.3 1 0.3 0.2 4.0 0.2 0.42 22.0 right 1 635.096525908 635.520417929 635.932560921 636.606524944
216 0.3 0.3 -1 0.3 0.04472135955 4.0 0.8 0.42 90.0 right 0 636.639162064 637.063092947 637.475384951 638.478314877
217 0.3 0.3 -1 0.3 0.2 4.0 0.2 0.42 22.0 left 1 638.511503935 638.935584068 639.347625971 639.998308897
218 0.3 0.3 1 0.3 0.0271441761659 4.0 0.8 0.42 22.0 right 1 640.030699015 640.454546928 640.866777897 641.798986912
219 0.3 0.3 -1 0.3 0.0164754897244 4.0 0.0 0.42 90.0 left 1 641.832406044 642.256214857 642.668473959 643.55388689
220 0.3 0.3 -1 0.3 0.0736806299728 4.0 0.4 0.42 90.0 left 1 643.587080002 644.010961056 644.423217058 645.261455059
221 0.3 0.3 1 0.3 0.2 4.0 0.6 0.42 90.0 right 1 645.306365013 645.730190992 646.142436981 646.734309912
222 0.3 0.3 1 0.3 0.01 4.0 0.4 0.42 90.0 right 1 646.76649189 647.190531969 647.602760077 648.393599987
223 0.3 0.3 -1 0.3 0.04472135955 4.0 0.2 0.42 90.0 right 0 648.427010059 648.850818872 649.263025045 650.336556911
224 0.3 0.3 1 0.3 0.04472135955 4.0 0.6 0.42 22.0 right 1 650.37013793 650.794039011 651.20617795 652.020670891
225 0.3 0.3 -1 0.3 0.0736806299728 4.0 0.6 0.42 22.0 left 1 652.05396986 652.478033066 652.890235901 653.681264877
226 0.3 0.3 1 0.3 0.121392446201 4.0 0.4 0.42 90.0 right 1 653.714540005 654.138417006 654.550580025 655.224711895
227 0.3 0.3 -1 0.3 0.04472135955 4.0 0.6 0.42 90.0 right 0 655.25712204 655.681001902 656.093103886 657.167237043
228 0.3 0.3 -1 0.3 0.01 4.0 0.0 0.42 22.0 left 1 657.200217962 657.624086857 658.036311865 659.15703392
229 0.3 0.3 1 0.3 0.0736806299728 4.0 0.6 0.42 22.0 right 1 659.202137947 659.626091003 660.038160086 660.781812906
230 0.3 0.3 1 0.3 0.2 4.0 0.4 0.42 90.0 right 1 660.815358877 661.239336014 661.651484013 662.101826906
231 0.3 0.3 -1 0.3 0.0271441761659 4.0 0.0 0.42 22.0 left 1 662.134230852 662.558204889 662.97043705 663.797013998
232 0.3 0.3 -1 0.3 0.0271441761659 4.0 0.6 0.42 22.0 left 1 663.84176302 664.265697002 664.677878857 665.551212072
233 0.3 0.3 1 0.3 0.0736806299728 4.0 0.6 0.42 90.0 right 1 665.584750891 666.008563995 666.420737982 667.176388025
234 0.3 0.3 -1 0.3 0.121392446201 4.0 0.4 0.42 90.0 left 1 667.209810019 667.633804083 668.045902014 668.696258068
235 0.3 0.3 1 0.3 0.2 4.0 0.8 0.42 90.0 right 1 668.728899002 669.152822018 669.564938068 670.191894054
236 0.3 0.3 1 0.3 0.01 4.0 0.0 0.42 90.0 left 0 670.224349976 670.648308992 671.060410976 671.86302495
237 0.3 0.3 -1 0.3 0.0271441761659 4.0 0.8 0.42 22.0 left 1 671.896487951 672.320527077 672.732693911 673.735630989
238 0.3 0.3 -1 0.3 0.01 4.0 0.6 0.42 90.0 left 1 673.768918991 674.192898035 674.605041027 678.222162962
239 0.3 0.3 -1 0.3 0.04472135955 4.0 0.6 0.42 22.0 left 1 678.255548 678.679555893 679.091820955 679.894351006
240 0.3 0.3 1 0.3 0.121392446201 4.0 0.8 0.42 22.0 right 1 679.927881956 680.351732016 680.763899088 681.437602043
241 0.3 0.3 1 0.3 0.121392446201 4.0 0.8 0.42 90.0 right 1 681.470500946 681.894429922 682.306595087 682.957141876
242 0.3 0.3 -1 0.3 0.04472135955 4.0 0.2 0.42 22.0 left 1 682.98958993 683.413511038 683.825618029 684.558250904
243 0.3 0.3 -1 0.3 0.0164754897244 4.0 0.2 0.42 90.0 left 1 684.591127872 685.015048027 685.427147865 686.265209913
244 0.3 0.3 -1 0.3 0.01 4.0 0.2 0.42 90.0 left 1 686.298623085 686.722630024 687.134787083 687.972585917
245 0.3 0.3 1 0.3 0.0736806299728 4.0 0.8 0.42 90.0 right 1 688.006274939 688.430073023 688.84239006 689.574295044
246 0.3 0.3 1 0.3 0.0271441761659 4.0 0.6 0.42 90.0 left 0 689.607867956 690.031754017 690.443922997 691.24673605
247 0.3 0.3 1 0.3 0.121392446201 4.0 0.2 0.42 22.0 right 1 691.279905081 691.703929901 692.116035938 692.78992486
248 0.3 0.3 -1 0.3 0.0164754897244 4.0 0.0 0.42 22.0 right 0 692.822501898 693.246464968 693.658614874 694.461103916
249 0.3 0.3 1 0.3 0.0271441761659 4.0 0.4 0.42 22.0 right 1 694.494832993 694.918732882 695.330816031 696.109854937
250 0.3 0.3 1 0.3 0.121392446201 4.0 0.6 0.42 90.0 right 1 696.143471956 696.567374945 696.979454994 697.746762037
251 0.3 0.3 1 0.3 0.0736806299728 4.0 0.2 0.42 22.0 right 1 697.780183077 698.204159975 698.616425037 699.36026001
252 0.3 0.3 1 0.3 0.0271441761659 4.0 0.4 0.42 90.0 right 1 699.393538952 699.817420006 700.229629993 701.02096796
253 0.3 0.3 1 0.3 0.0736806299728 4.0 0.0 0.42 22.0 right 1 701.053920984 701.478012085 701.890110016 702.58702302
254 0.3 0.3 -1 0.3 0.0736806299728 4.0 0.4 0.42 22.0 left 1 702.620271921 703.044126034 703.456297874 704.223816872
255 0.3 0.3 1 0.3 0.0164754897244 4.0 0.0 0.42 90.0 left 0 704.257217884 704.681092024 705.093183994 705.966461897
256 0.3 0.3 1 0.3 0.0271441761659 4.0 0.0 0.42 90.0 right 1 706.0 706.423915863 706.836024046 707.63863802
257 0.3 0.3 -1 0.3 0.0164754897244 4.0 0.4 0.42 90.0 right 0 707.672117949 708.096024036 708.508318901 709.370177031
258 0.3 0.3 -1 0.3 0.04472135955 4.0 0.0 0.42 22.0 left 1 709.403244019 709.82704401 710.239332914 711.05378294
259 0.3 0.3 -1 0.3 0.0736806299728 4.0 0.2 0.42 22.0 left 1 711.087198019 711.511064053 711.923282862 712.667366982
260 0.3 0.3 -1 0.3 0.0736806299728 4.0 0.2 0.42 90.0 left 1 712.700515032 713.124422073 713.536548853 714.233381033
261 0.3 0.3 -1 0.3 0.04472135955 4.0 0.8 0.42 22.0 left 1 714.266637087 714.690598965 715.102900982 715.905739069
262 0.3 0.3 1 0.3 0.04472135955 4.0 0.4 0.42 22.0 right 1 715.938804865 716.362830877 716.775023937 717.56614399
263 0.3 0.3 1 0.3 0.0164754897244 4.0 0.4 0.42 90.0 right 1 717.599318981 718.023383856 718.435544014 719.296972036
264 0.3 0.3 -1 0.3 0.121392446201 4.0 0.0 0.42 90.0 right 0 719.330379009 719.754365921 720.166409016 720.875092983
265 0.3 0.3 1 0.3 0.2 4.0 0.6 0.42 22.0 left 0 720.908360958 721.332349062 721.744493008 720.910233974
266 0.3 0.3 1 0.3 0.0164754897244 4.0 0.2 0.42 22.0 right 1 721.779728889 722.203747988 722.615935087 723.771746874
267 0.3 0.3 -1 0.3 0.01 4.0 0.8 0.42 90.0 right 0 723.805266857 724.22921586 724.641419888 725.64429903
268 0.3 0.3 1 0.3 0.04472135955 4.0 0.8 0.42 22.0 right 1 725.677664995 726.101526022 726.513791084 727.328254938
269 0.3 0.3 -1 0.3 0.121392446201 4.0 0.8 0.42 90.0 left 1 727.361666918 727.785548925 728.197721958 729.11835289
270 0.3 0.3 -1 0.3 0.0736806299728 4.0 0.0 0.42 22.0 left 1 729.151625872 729.575609922 729.987747908 730.708250046
271 0.3 0.3 1 0.3 0.0271441761659 4.0 0.0 0.42 22.0 left 0 730.741442919 731.165395975 731.577563047 732.427183867
272 0.3 0.3 1 0.3 0.121392446201 4.0 0.6 0.42 22.0 right 1 732.460639 732.884513855 733.296745062 734.005423069
273 0.3 0.3 -1 0.3 0.0271441761659 4.0 0.8 0.42 90.0 left 1 734.038748026 734.462640047 734.874722004 735.783446074
274 0.3 0.3 -1 0.3 0.0164754897244 4.0 0.4 0.42 22.0 right 0 735.816858053 736.24070096 736.652983904 737.99729991
275 0.3 0.3 1 0.3 0.0736806299728 4.0 0.8 0.42 22.0 right 1 738.030714035 738.454590082 738.866765022 739.575433969
276 0.3 0.3 -1 0.3 0.0271441761659 4.0 0.6 0.42 90.0 right 0 739.608757973 740.032659054 740.444730997 741.235580921
277 0.3 0.3 1 0.3 0.121392446201 4.0 0.4 0.42 22.0 right 1 741.269101858 741.693131924 742.105284929 742.708492994
278 0.3 0.3 -1 0.3 0.0736806299728 4.0 0.8 0.42 22.0 left 1 742.741044998 743.165004969 743.577220917 744.474628925
279 0.3 0.3 1 0.3 0.04472135955 4.0 0.0 0.42 22.0 right 1 744.519415855 744.943252087 745.355468035 746.122744083
280 0.3 0.3 1 0.3 0.2 4.0 0.0 0.42 90.0 right 1 746.156245947 746.580071926 746.992268085 747.536973
