trial durationPreFixation durationFixation direction durationGrating duration speed phaseIni contrast size response correct time_onset time_fixation time_stimulus time_response
1 0.3 0.3 1 0.3 0.121392446201 4.0 0.8 0.42 22.0 right 1 30.879956007 31.30382514 31.7160441875 33.3032100201
2 0.3 0.3 1 0.3 0.0164754897244 4.0 0.4 0.42 90.0 left 0 33.3293581009 33.7532551289 34.1654071808 35.0978600979
3 0.3 0.3 -1 0.3 0.121392446201 4.0 0.0 0.42 90.0 left 1 35.1311120987 35.5549941063 35.9671010971 36.852257967
4 0.3 0.3 -1 0.3 0.01 4.0 0.8 0.42 22.0 left 1 36.8856430054 37.3097150326 37.7218229771 39.0662841797
5 0.3 0.3 1 0.3 0.01 4.0 0.6 0.42 22.0 right 1 39.0995321274 39.5235350132 39.9356989861 40.9738841057
6 0.3 0.3 1 0.3 0.0736806299728 4.0 0.8 0.42 22.0 right 1 41.0073010921 41.4313230515 41.8435330391 42.7873489857
7 0.3 0.3 -1 0.3 0.0164754897244 4.0 0.6 0.42 22.0 left 1 42.8208031654 43.2447021008 43.6568720341 44.5425829887
8 0.3 0.3 1 0.3 0.01 4.0 0.4 0.42 90.0 right 1 44.575469017 44.9995250702 45.411591053 46.4970061779
9 0.3 0.3 1 0.3 0.0736806299728 4.0 0.2 0.42 90.0 left 0 46.5420119762 46.9659690857 47.3780741692 48.2517881393
10 0.3 0.3 -1 0.3 0.121392446201 4.0 0.2 0.42 90.0 right 0 48.2850179672 48.7088890076 49.12104702 50.017865181
11 0.3 0.3 1 0.3 0.0271441761659 4.0 0.8 0.42 22.0 left 0 50.0514171124 50.4752261639 50.8873820305 51.9848029613
12 0.3 0.3 -1 0.3 0.01 4.0 0.8 0.42 90.0 left 1 52.017906189 52.4417309761 52.853908062 54.1395201683
13 0.3 0.3 1 0.3 0.01 4.0 0.0 0.42 22.0 left 0 54.1729750633 54.5969309807 55.0090920925 56.0592579842
14 0.3 0.3 1 0.3 0.2 4.0 0.4 0.42 22.0 right 1 56.0923709869 56.5163421631 56.9284911156 57.614262104
15 0.3 0.3 1 0.3 0.0164754897244 4.0 0.6 0.42 22.0 right 1 57.6468420029 58.070882082 58.4830110073 60.0744149685
16 0.3 0.3 1 0.3 0.2 4.0 0.2 0.42 22.0 right 1 60.1080851555 60.5318520069 60.9441940784 62.2889001369
17 0.3 0.3 1 0.3 0.0736806299728 4.0 0.4 0.42 22.0 right 1 62.3218460083 62.7458300591 63.1580040455 64.1489930153
18 0.3 0.3 -1 0.3 0.0736806299728 4.0 0.2 0.42 90.0 right 0 64.1824910641 64.6064059734 65.0186080933 66.8339481354
19 0.3 0.3 -1 0.3 0.04472135955 4.0 0.4 0.42 90.0 right 0 66.8673970699 67.2914021015 67.7035651207 68.7063541412
20 0.3 0.3 -1 0.3 0.0271441761659 4.0 0.4 0.42 22.0 right 0 68.7398421764 69.1636919975 69.5760211945 70.6848261356
21 0.3 0.3 1 0.3 0.01 4.0 0.0 0.42 90.0 right 1 70.7181661129 71.1421160698 71.5542731285 73.1462640762
22 0.3 0.3 1 0.3 0.0736806299728 4.0 0.0 0.42 90.0 right 1 73.1793940067 73.6032910347 74.0154490471 75.1718730927
23 0.3 0.3 1 0.3 0.04472135955 4.0 0.4 0.42 90.0 right 1 75.2049870491 75.6288709641 76.0410010815 77.0792381763
24 0.3 0.3 1 0.3 0.01 4.0 0.2 0.42 22.0 right 1 77.1125850677 77.5365371704 77.9486641884 79.0575971603
25 0.3 0.3 -1 0.3 0.01 4.0 0.0 0.42 22.0 right 0 79.0910840034 79.5150330067 79.9270660877 81.1541061401
26 0.3 0.3 -1 0.3 0.0736806299728 4.0 0.8 0.42 90.0 right 0 81.187169075 81.6110200882 82.0231511593 83.4969379902
27 0.3 0.3 1 0.3 0.0271441761659 4.0 0.6 0.42 22.0 right 1 83.5305550098 83.9543840885 84.3667020798 85.3344509602
28 0.3 0.3 -1 0.3 0.0164754897244 4.0 0.6 0.42 90.0 right 0 85.3675990105 85.7914409637 86.2036700249 87.7600080967
29 0.3 0.3 1 0.3 0.0736806299728 4.0 0.6 0.42 90.0 left 0 87.7934670448 88.2173240185 88.6295371056 90.5037651062
30 0.3 0.3 -1 0.3 0.0736806299728 4.0 0.6 0.42 22.0 left 1 90.5373570919 90.9612250328 91.3735330105 92.3057820797
31 0.3 0.3 1 0.3 0.121392446201 4.0 0.4 0.42 90.0 left 0 92.3389701843 92.7629301548 93.1750950813 94.1307971478
32 0.3 0.3 -1 0.3 0.01 4.0 0.0 0.42 90.0 left 1 94.16426301 94.5881950855 95.0003771782 95.9914121628
33 0.3 0.3 -1 0.3 0.01 4.0 0.2 0.42 22.0 left 1 96.0248780251 96.4488141537 96.8609371185 97.8992581367
34 0.3 0.3 1 0.3 0.01 4.0 0.8 0.42 22.0 left 0 97.93268013 98.3565170765 98.7687189579 100.195777178
35 0.3 0.3 -1 0.3 0.04472135955 4.0 0.0 0.42 22.0 left 1 100.229017973 100.652961016 101.065124035 102.079795122
36 0.3 0.3 1 0.3 0.0271441761659 4.0 0.2 0.42 22.0 right 1 102.12491107 102.548887968 102.961052179 103.905189991
37 0.3 0.3 -1 0.3 0.0736806299728 4.0 0.0 0.42 22.0 left 1 103.938472986 104.362416029 104.774585009 105.636308193
38 0.3 0.3 1 0.3 0.0164754897244 4.0 0.8 0.42 90.0 left 0 105.669357061 106.093321085 106.505532026 107.49666214
39 0.3 0.3 1 0.3 0.04472135955 4.0 0.6 0.42 90.0 left 0 107.529956102 107.953925133 108.366108179 109.310193062
40 0.3 0.3 -1 0.3 0.2 4.0 0.8 0.42 90.0 right 0 109.343548059 109.767429113 110.1796 111.241685152
41 0.3 0.3 1 0.3 0.0736806299728 4.0 0.0 0.42 22.0 right 1 111.274904966 111.698848963 112.110865116 113.078457117
42 0.3 0.3 1 0.3 0.121392446201 4.0 0.0 0.42 22.0 right 1 113.111854076 113.535808086 113.948084116 114.9039011
43 0.3 0.3 -1 0.3 0.2 4.0 0.6 0.42 22.0 left 1 114.937165022 115.36115098 115.773277998 116.693858147
44 0.3 0.3 -1 0.3 0.2 4.0 0.0 0.42 90.0 right 0 116.727199078 117.151039124 117.563153028 118.613211155
45 0.3 0.3 -1 0.3 0.2 4.0 0.2 0.42 90.0 left 1 118.646582127 119.070527077 119.482741117 120.263072968
46 0.3 0.3 1 0.3 0.121392446201 4.0 0.0 0.42 90.0 left 0 120.307052135 120.731059074 121.14303112 122.087090015
47 0.3 0.3 1 0.3 0.04472135955 4.0 0.2 0.42 90.0 left 0 122.120543003 122.544497967 122.956604958 124.030699015
48 0.3 0.3 -1 0.3 0.01 4.0 0.4 0.42 22.0 right 0 124.075428963 124.499317169 124.911585093 125.914597988
49 0.3 0.3 -1 0.3 0.0164754897244 4.0 0.0 0.42 90.0 right 0 125.947854042 126.371756077 126.783913136 127.774873972
50 0.3 0.3 -1 0.3 0.0736806299728 4.0 0.4 0.42 90.0 right 0 127.808387995 128.232223988 128.644569159 129.64759016
51 0.3 0.3 -1 0.3 0.04472135955 4.0 0.6 0.42 22.0 left 1 129.680677176 130.104652166 130.516806126 131.543264151
52 0.3 0.3 -1 0.3 0.0736806299728 4.0 0.0 0.42 90.0 right 0 131.576636076 132.000626087 132.412750959 134.56990099
53 0.3 0.3 1 0.3 0.0164754897244 4.0 0.2 0.42 90.0 right 1 134.603121996 135.027052164 135.439216137 136.913130045
54 0.3 0.3 -1 0.3 0.121392446201 4.0 0.8 0.42 22.0 left 1 136.946480989 137.370597124 137.782773972 138.832741022
55 0.3 0.3 1 0.3 0.01 4.0 0.2 0.42 90.0 left 0 138.865981102 139.29008317 139.702242136 140.728795052
56 0.3 0.3 -1 0.3 0.0271441761659 4.0 0.6 0.42 90.0 left 1 140.762012005 141.18584919 141.59802413 142.624397039
57 0.3 0.3 1 0.3 0.2 4.0 0.0 0.42 90.0 left 0 142.657893181 143.081807137 143.49397397 144.697072029
58 0.3 0.3 1 0.3 0.01 4.0 0.8 0.42 90.0 left 0 144.730395079 145.154430151 145.566611052 146.534084082
59 0.3 0.3 1 0.3 0.0271441761659 4.0 0.2 0.42 90.0 left 0 146.567526102 146.991430044 147.403613091 148.46557498
60 0.3 0.3 1 0.3 0.0736806299728 4.0 0.4 0.42 90.0 left 0 148.498896122 148.922844172 149.335043192 150.266955137
61 0.3 0.3 -1 0.3 0.04472135955 4.0 0.4 0.42 22.0 left 1 150.30044508 150.72458601 151.136744976 152.175315142
62 0.3 0.3 -1 0.3 0.0271441761659 4.0 0.8 0.42 22.0 left 1 152.208235979 152.632301092 153.044480085 154.047273159
63 0.3 0.3 1 0.3 0.0164754897244 4.0 0.6 0.42 90.0 left 0 154.080796957 154.504691124 154.916846991 155.931529045
64 0.3 0.3 -1 0.3 0.121392446201 4.0 0.6 0.42 90.0 right 0 155.964918137 156.388723135 156.800915956 157.768748999
65 0.3 0.3 1 0.3 0.2 4.0 0.6 0.42 22.0 right 1 157.801967144 158.225855112 158.638004065 159.68791914
66 0.3 0.3 1 0.3 0.04472135955 4.0 0.0 0.42 90.0 right 1 159.721364021 160.14527607 160.557415962 161.560250998
67 0.3 0.3 1 0.3 0.121392446201 4.0 0.8 0.42 90.0 left 0 161.593780041 162.017735958 162.429836988 163.550476074
68 0.3 0.3 1 0.3 0.0271441761659 4.0 0.4 0.42 90.0 left 0 163.583892107 164.007847071 164.419999123 165.552587032
69 0.3 0.3 1 0.3 0.01 4.0 0.4 0.42 22.0 left 0 165.585994959 166.009863138 166.422023058 167.495440006
70 0.3 0.3 1 0.3 0.0271441761659 4.0 0.0 0.42 22.0 left 0 167.528856993 167.952784061 168.364910126 169.461910963
71 0.3 0.3 1 0.3 0.2 4.0 0.2 0.42 90.0 left 0 169.495496035 169.919430017 170.33159709 171.405112982
72 0.3 0.3 -1 0.3 0.0164754897244 4.0 0.8 0.42 90.0 left 1 171.438479185 171.862390041 172.274600983 173.34832716
73 0.3 0.3 1 0.3 0.2 4.0 0.8 0.42 22.0 right 1 173.381685972 173.805644989 174.21777916 175.197594166
74 0.3 0.3 1 0.3 0.121392446201 4.0 0.4 0.42 22.0 right 1 175.242319107 175.66624403 176.078291178 177.045718193
75 0.3 0.3 1 0.3 0.04472135955 4.0 0.8 0.42 90.0 right 1 177.079363108 177.503293037 177.915287018 178.918477058
76 0.3 0.3 1 0.3 0.04472135955 4.0 0.8 0.42 22.0 right 1 178.95172596 179.375627995 179.787728071 180.732655048
77 0.3 0.3 -1 0.3 0.0164754897244 4.0 0.2 0.42 22.0 right 0 180.765175104 181.189136028 181.601276159 182.592336178
78 0.3 0.3 -1 0.3 0.2 4.0 0.4 0.42 22.0 left 1 182.62579608 183.049805164 183.461991072 184.48844099
79 0.3 0.3 -1 0.3 0.0271441761659 4.0 0.6 0.42 22.0 right 0 184.521661043 184.945612192 185.357773066 186.478692055
80 0.3 0.3 1 0.3 0.0271441761659 4.0 0.4 0.42 22.0 right 1 186.51175499 186.935798168 187.347898006 188.303992033
81 0.3 0.3 -1 0.3 0.0736806299728 4.0 0.6 0.42 90.0 right 0 188.337144136 188.76109314 189.173300982 190.164362192
82 0.3 0.3 1 0.3 0.0271441761659 4.0 0.8 0.42 90.0 left 0 190.197705984 190.621641159 191.033931971 191.942326069
83 0.3 0.3 1 0.3 0.04472135955 4.0 0.0 0.42 22.0 right 1 191.975852013 192.399837017 192.812009096 193.74438405
84 0.3 0.3 -1 0.3 0.121392446201 4.0 0.8 0.42 90.0 right 0 193.777582169 194.201506138 194.61366415 195.758161068
85 0.3 0.3 -1 0.3 0.2 4.0 0.4 0.42 90.0 left 1 195.791424036 196.215269089 196.627463102 197.500605106
86 0.3 0.3 1 0.3 0.0164754897244 4.0 0.8 0.42 22.0 left 0 197.534263134 197.958101034 198.370277166 199.279016972
87 0.3 0.3 1 0.3 0.0164754897244 4.0 0.0 0.42 90.0 right 1 199.312290192 199.736258984 200.148437977 201.069079161
88 0.3 0.3 -1 0.3 0.0164754897244 4.0 0.2 0.42 90.0 left 1 201.102463961 201.526293039 201.938404083 202.870570183
89 0.3 0.3 -1 0.3 0.01 4.0 0.6 0.42 22.0 right 0 202.904164076 203.328058958 203.740264177 205.190812111
90 0.3 0.3 -1 0.3 0.2 4.0 0.0 0.42 22.0 left 1 205.224004984 205.647825003 206.060157061 207.086483002
91 0.3 0.3 -1 0.3 0.0164754897244 4.0 0.0 0.42 22.0 right 0 207.11986804 207.54373908 207.955958128 209.00595212
92 0.3 0.3 -1 0.3 0.0736806299728 4.0 0.8 0.42 22.0 left 1 209.039332151 209.463270187 209.875446081 210.737179041
93 0.3 0.3 1 0.3 0.04472135955 4.0 0.4 0.42 22.0 right 1 210.770526171 211.194499969 211.606655121 212.55055213
94 0.3 0.3 -1 0.3 0.0271441761659 4.0 0.0 0.42 22.0 left 1 212.584060192 213.00784111 213.420119047 214.293294191
95 0.3 0.3 -1 0.3 0.121392446201 4.0 0.6 0.42 22.0 left 1 214.32675004 214.750686169 215.162887096 216.036189079
96 0.3 0.3 1 0.3 0.01 4.0 0.6 0.42 90.0 left 0 216.069694996 216.49368906 216.905860186 217.884943008
97 0.3 0.3 1 0.3 0.0736806299728 4.0 0.6 0.42 22.0 right 1 217.918562174 218.342437983 218.754611015 219.628046989
98 0.3 0.3 -1 0.3 0.0164754897244 4.0 0.4 0.42 22.0 right 0 219.661298037 220.085254192 220.49744606 221.406321049
99 0.3 0.3 1 0.3 0.0164754897244 4.0 0.2 0.42 22.0 right 1 221.439596176 221.863528967 222.275725126 223.195808172
100 0.3 0.3 -1 0.3 0.121392446201 4.0 0.0 0.42 22.0 left 1 223.229406118 223.653412104 224.065572023 224.974398136
101 0.3 0.3 -1 0.3 0.0271441761659 4.0 0.0 0.42 90.0 right 0 225.007591963 225.431595087 225.84365201 227.153035164
102 0.3 0.3 1 0.3 0.2 4.0 0.0 0.42 22.0 right 1 227.186278105 227.610224962 228.022399187 228.978415966
103 0.3 0.3 1 0.3 0.121392446201 4.0 0.2 0.42 22.0 right 1 229.011559963 229.435511112 229.847687006 230.779628992
104 0.3 0.3 -1 0.3 0.04472135955 4.0 0.8 0.42 90.0 right 0 230.813145161 231.237136126 231.649260044 232.628684998
105 0.3 0.3 1 0.3 0.0736806299728 4.0 0.8 0.42 90.0 left 0 232.662160158 233.08596015 233.498139143 234.407004118
106 0.3 0.3 -1 0.3 0.0736806299728 4.0 0.4 0.42 22.0 left 1 234.440279007 234.864142179 235.27624917 236.149619102
107 0.3 0.3 1 0.3 0.0736806299728 4.0 0.2 0.42 22.0 right 1 236.183115005 236.607006073 237.019171 237.892577171
108 0.3 0.3 1 0.3 0.2 4.0 0.8 0.42 90.0 right 1 237.92596817 238.34988904 238.761931181 239.718090057
109 0.3 0.3 1 0.3 0.121392446201 4.0 0.6 0.42 90.0 left 0 239.751342058 240.175158978 240.587306976 241.460546017
110 0.3 0.3 1 0.3 0.04472135955 4.0 0.6 0.42 22.0 right 1 241.493976116 241.917960167 242.330186129 243.26316309
111 0.3 0.3 -1 0.3 0.121392446201 4.0 0.4 0.42 90.0 left 1 243.295773029 243.719753027 244.131914139 245.099900961
112 0.3 0.3 -1 0.3 0.121392446201 4.0 0.4 0.42 22.0 left 1 245.144571066 245.568511009 245.980753183 246.854251146
113 0.3 0.3 1 0.3 0.0271441761659 4.0 0.0 0.42 90.0 left 0 246.887577057 247.311509132 247.723613024 248.832473993
114 0.3 0.3 -1 0.3 0.01 4.0 0.2 0.42 90.0 right 0 248.865818977 249.289739132 249.701908112 250.646027088
115 0.3 0.3 -1 0.3 0.0736806299728 4.0 0.2 0.42 22.0 left 1 250.679257154 251.103270054 251.515429974 252.412276983
116 0.3 0.3 -1 0.3 0.0271441761659 4.0 0.4 0.42 90.0 left 1 252.445871115 252.869784117 253.281970024 254.261168957
117 0.3 0.3 1 0.3 0.0271441761659 4.0 0.6 0.42 90.0 left 0 254.294669151 254.718641996 255.130800962 256.216138124
118 0.3 0.3 1 0.3 0.2 4.0 0.6 0.42 90.0 left 0 256.249408007 256.673256159 257.085438967 258.112392187
119 0.3 0.3 -1 0.3 0.04472135955 4.0 0.8 0.42 22.0 left 1 258.145425081 258.569298029 258.981451035 259.913792133
120 0.3 0.3 -1 0.3 0.01 4.0 0.6 0.42 90.0 right 0 259.947124958 260.370954037 260.783177137 262.857588053
121 0.3 0.3 -1 0.3 0.121392446201 4.0 0.2 0.42 22.0 left 1 262.891241074 263.315080166 263.727180004 264.835906029
122 0.3 0.3 -1 0.3 0.0271441761659 4.0 0.8 0.42 90.0 right 0 264.869405985 265.293409109 265.705589056 266.885166168
123 0.3 0.3 -1 0.3 0.0271441761659 4.0 0.2 0.42 90.0 right 0 266.918508053 267.342401028 267.754630089 268.780941963
124 0.3 0.3 -1 0.3 0.04472135955 4.0 0.0 0.42 90.0 right 0 268.814378023 269.238383055 269.650555134 270.724279165
125 0.3 0.3 -1 0.3 0.2 4.0 0.6 0.42 90.0 left 1 270.757590055 271.181578159 271.593760014 272.572852135
126 0.3 0.3 -1 0.3 0.2 4.0 0.8 0.42 22.0 left 1 272.606409073 273.030375957 273.442520142 274.246101141
127 0.3 0.3 -1 0.3 0.01 4.0 0.4 0.42 90.0 left 1 274.278530121 274.702509165 275.11469698 276.105851173
128 0.3 0.3 -1 0.3 0.0164754897244 4.0 0.8 0.42 22.0 right 0 276.139165163 276.563035011 276.975205183 277.978227139
129 0.3 0.3 -1 0.3 0.0164754897244 4.0 0.4 0.42 90.0 right 0 278.011465073 278.435477018 278.847651005 280.027242184
130 0.3 0.3 1 0.3 0.121392446201 4.0 0.2 0.42 90.0 left 0 280.060446978 280.484419107 280.896661043 282.040930986
131 0.3 0.3 -1 0.3 0.04472135955 4.0 0.6 0.42 90.0 right 0 282.074120045 282.498237133 282.910371065 283.995615005
132 0.3 0.3 1 0.3 0.0164754897244 4.0 0.4 0.42 22.0 right 1 284.029040098 284.452975035 284.865156174 286.044666052
133 0.3 0.3 -1 0.3 0.04472135955 4.0 0.2 0.42 22.0 left 1 286.078072071 286.50201416 286.914191008 287.893448114
134 0.3 0.3 1 0.3 0.04472135955 4.0 0.2 0.42 22.0 right 1 287.926900148 288.350852966 288.763020992 289.84841609
135 0.3 0.3 -1 0.3 0.0271441761659 4.0 0.2 0.42 22.0 right 0 289.881814003 290.305658102 290.717905045 291.897739172
136 0.3 0.3 -1 0.3 0.2 4.0 0.2 0.42 22.0 left 1 291.930884123 292.35464406 292.766941071 293.746443033
137 0.3 0.3 1 0.3 0.0164754897244 4.0 0.0 0.42 22.0 left 0 293.791450977 294.215353012 294.627606153 296.066210985
138 0.3 0.3 1 0.3 0.121392446201 4.0 0.6 0.42 22.0 right 1 296.099466085 296.523416996 296.935619116 297.867959023
139 0.3 0.3 1 0.3 0.2 4.0 0.4 0.42 90.0 left 0 297.901255131 298.325176001 298.73734498 299.681519032
140 0.3 0.3 -1 0.3 0.04472135955 4.0 0.2 0.42 90.0 right 0 299.714789152 300.13868618 300.550770998 301.553918123
141 0.3 0.3 1 0.3 0.0736806299728 4.0 0.6 0.42 90.0 left 0 657.646831989 658.070871115 658.48299098 659.391719103
142 0.3 0.3 -1 0.3 0.121392446201 4.0 0.0 0.42 90.0 right 0 659.425201178 659.849125147 660.261337042 660.935048103
143 0.3 0.3 -1 0.3 0.0164754897244 4.0 0.8 0.42 90.0 left 1 660.967698097 661.391736984 661.803862095 663.125037193
144 0.3 0.3 1 0.3 0.0736806299728 4.0 0.4 0.42 22.0 right 1 663.158210993 663.582090139 663.99426198 664.843914032
145 0.3 0.3 1 0.3 0.121392446201 4.0 0.0 0.42 90.0 left 0 664.877341032 665.301407099 665.713607073 667.776012182
146 0.3 0.3 1 0.3 0.2 4.0 0.2 0.42 90.0 left 0 667.809746027 668.233504057 668.64581418 669.261052132
147 0.3 0.3 1 0.3 0.2 4.0 0.4 0.42 90.0 right 1 669.293506145 669.717447996 670.129661083 670.697508097
148 0.3 0.3 1 0.3 0.04472135955 4.0 0.4 0.42 90.0 right 1 670.730195999 671.154036999 671.566236973 672.781080961
149 0.3 0.3 1 0.3 0.2 4.0 0.8 0.42 22.0 right 1 672.814411163 673.238298178 673.650599003 674.512083054
150 0.3 0.3 1 0.3 0.0164754897244 4.0 0.0 0.42 90.0 left 0 674.545457125 674.969441175 675.381559134 676.620347023
151 0.3 0.3 -1 0.3 0.0736806299728 4.0 0.0 0.42 22.0 left 1 676.653465033 677.077416182 677.489645958 678.304234028
152 0.3 0.3 -1 0.3 0.0164754897244 4.0 0.4 0.42 22.0 right 0 678.337473154 678.761435032 679.173624992 680.011671066
153 0.3 0.3 1 0.3 0.01 4.0 0.4 0.42 22.0 right 1 680.044841051 680.468870163 680.881026983 682.331248999
154 0.3 0.3 1 0.3 0.0736806299728 4.0 0.2 0.42 22.0 right 1 682.364780188 682.788721085 683.200895071 684.168420076
155 0.3 0.3 1 0.3 0.0271441761659 4.0 0.8 0.42 90.0 right 1 684.201786995 684.62577796 685.037947178 686.452939987
156 0.3 0.3 1 0.3 0.01 4.0 0.2 0.42 22.0 right 1 686.486417055 686.910429001 687.322551966 688.337362051
157 0.3 0.3 -1 0.3 0.04472135955 4.0 0.2 0.42 90.0 left 1 688.370646 688.794528008 689.206761122 690.15055418
158 0.3 0.3 1 0.3 0.0271441761659 4.0 0.2 0.42 90.0 left 0 690.18404603 690.608088017 691.020177126 691.905502081
159 0.3 0.3 1 0.3 0.01 4.0 0.4 0.42 90.0 left 0 691.938644171 692.362615108 692.774770021 693.777708054
160 0.3 0.3 -1 0.3 0.0736806299728 4.0 0.6 0.42 22.0 left 1 693.811017036 694.2349751 694.647190094 695.461619139
161 0.3 0.3 -1 0.3 0.121392446201 4.0 0.8 0.42 90.0 left 1 695.495077133 695.918969154 696.331242085 697.145584106
162 0.3 0.3 -1 0.3 0.2 4.0 0.8 0.42 22.0 left 1 697.179083109 697.603042126 698.015220165 698.641932964
163 0.3 0.3 -1 0.3 0.0271441761659 4.0 0.2 0.42 22.0 left 1 698.674571991 699.098711967 699.510840178 700.348873138
164 0.3 0.3 1 0.3 0.04472135955 4.0 0.0 0.42 90.0 left 0 700.382050991 700.805984974 701.218150139 702.067890167
165 0.3 0.3 -1 0.3 0.04472135955 4.0 0.4 0.42 22.0 left 1 702.10138607 702.525475979 702.937604189 703.728473186
166 0.3 0.3 -1 0.3 0.04472135955 4.0 0.6 0.42 22.0 left 1 703.761928082 704.185781002 704.598050117 705.412917137
167 0.3 0.3 1 0.3 0.01 4.0 0.0 0.42 22.0 left 0 705.445883036 705.869682074 706.281947136 707.296882153
168 0.3 0.3 -1 0.3 0.01 4.0 0.6 0.42 22.0 left 1 707.330096006 707.753892183 708.16613102 709.216042995
169 0.3 0.3 1 0.3 0.04472135955 4.0 0.8 0.42 90.0 left 0 709.249413967 709.673361063 710.085533142 710.959069014
170 0.3 0.3 -1 0.3 0.121392446201 4.0 0.2 0.42 22.0 left 1 710.992411137 711.416335106 711.828479052 712.537216187
171 0.3 0.3 -1 0.3 0.01 4.0 0.8 0.42 90.0 left 1 712.570245028 712.994328976 713.406414032 714.303481102
172 0.3 0.3 1 0.3 0.04472135955 4.0 0.2 0.42 90.0 left 0 714.336778164 714.760571957 715.172777176 715.916700125
173 0.3 0.3 -1 0.3 0.0271441761659 4.0 0.8 0.42 90.0 left 1 715.950080156 716.373988152 716.786172152 717.62421298
174 0.3 0.3 1 0.3 0.04472135955 4.0 0.4 0.42 22.0 right 1 717.657472134 718.081406116 718.493586063 719.414138079
175 0.3 0.3 -1 0.3 0.2 4.0 0.2 0.42 22.0 left 1 719.447523117 719.871462107 720.283638 720.992953062
176 0.3 0.3 -1 0.3 0.0271441761659 4.0 0.0 0.42 90.0 left 1 721.02554512 721.449478149 721.861642122 722.911880016
177 0.3 0.3 1 0.3 0.04472135955 4.0 0.2 0.42 22.0 right 1 722.945039988 723.368916035 723.781036139 724.57221818
178 0.3 0.3 -1 0.3 0.0736806299728 4.0 0.4 0.42 90.0 right 0 724.605478048 725.029319048 725.441415071 727.61030817
179 0.3 0.3 -1 0.3 0.01 4.0 0.0 0.42 22.0 right 0 727.643620014 728.067672014 728.479813099 729.48281312
180 0.3 0.3 1 0.3 0.121392446201 4.0 0.6 0.42 22.0 right 1 729.516056061 729.939932108 730.352025986 731.143153191
181 0.3 0.3 1 0.3 0.0736806299728 4.0 0.0 0.42 22.0 right 1 731.176406145 731.600282192 732.012438059 732.803675175
182 0.3 0.3 -1 0.3 0.0736806299728 4.0 0.4 0.42 22.0 left 1 732.836838961 733.260746002 733.672947168 734.452181101
183 0.3 0.3 -1 0.3 0.2 4.0 0.4 0.42 90.0 left 1 734.485471964 734.909397125 735.321504116 735.983729124
184 0.3 0.3 1 0.3 0.121392446201 4.0 0.4 0.42 22.0 right 1 736.016448975 736.440310001 736.852537155 737.584388018
185 0.3 0.3 -1 0.3 0.04472135955 4.0 0.6 0.42 90.0 right 0 737.617949009 738.041824102 738.453909159 739.880808115
186 0.3 0.3 -1 0.3 0.0164754897244 4.0 0.4 0.42 90.0 right 0 739.914241076 740.338268995 740.750426054 741.824072123
187 0.3 0.3 1 0.3 0.121392446201 4.0 0.4 0.42 90.0 left 0 741.857340097 742.281139135 742.693331957 743.484287024
188 0.3 0.3 -1 0.3 0.0271441761659 4.0 0.4 0.42 90.0 right 0 743.517575026 743.941552162 744.353754997 745.309719086
189 0.3 0.3 -1 0.3 0.01 4.0 0.6 0.42 90.0 right 0 745.342983007 745.766927004 746.179074049 747.264307976
190 0.3 0.3 -1 0.3 0.0736806299728 4.0 0.8 0.42 22.0 left 1 747.297873974 747.721795082 748.133975983 748.90113306
191 0.3 0.3 1 0.3 0.01 4.0 0.0 0.42 90.0 right 1 748.934648991 749.358597994 749.770761013 751.445051193
192 0.3 0.3 1 0.3 0.0164754897244 4.0 0.4 0.42 22.0 right 1 751.478366137 751.90229702 752.314424038 753.341057062
193 0.3 0.3 -1 0.3 0.0164754897244 4.0 0.2 0.42 90.0 right 0 753.374236107 753.798079967 754.210319996 755.49598217
194 0.3 0.3 1 0.3 0.04472135955 4.0 0.6 0.42 90.0 left 0 755.529286146 755.953220129 756.365305185 757.274064064
195 0.3 0.3 1 0.3 0.121392446201 4.0 0.8 0.42 90.0 left 0 757.307397127 757.731278181 758.14350009 758.887466192
196 0.3 0.3 -1 0.3 0.121392446201 4.0 0.6 0.42 22.0 left 1 758.920644999 759.344611168 759.756793022 760.54788208
197 0.3 0.3 -1 0.3 0.0736806299728 4.0 0.0 0.42 90.0 left 1 760.581106186 761.005055189 761.417214155 762.278815031
198 0.3 0.3 1 0.3 0.2 4.0 0.8 0.42 90.0 right 1 762.312281132 762.736122131 763.148389101 763.798599958
199 0.3 0.3 1 0.3 0.0164754897244 4.0 0.6 0.42 22.0 right 1 763.831353188 764.255258083 764.667428017 765.811843157
200 0.3 0.3 -1 0.3 0.2 4.0 0.0 0.42 90.0 left 1 765.845129967 766.269047022 766.681251049 767.33168602
201 0.3 0.3 -1 0.3 0.01 4.0 0.2 0.42 22.0 left 1 767.364150047 767.788069963 768.200227976 769.203000069
202 0.3 0.3 -1 0.3 0.2 4.0 0.2 0.42 90.0 left 1 769.236485958 769.660387993 770.072558165 770.73469615
203 0.3 0.3 1 0.3 0.0271441761659 4.0 0.8 0.42 22.0 left 0 770.767482996 771.191445112 771.603515148 772.465075016
204 0.3 0.3 -1 0.3 0.0164754897244 4.0 0.2 0.42 22.0 left 1 772.498372078 772.922367096 773.334568977 774.207866192
205 0.3 0.3 -1 0.3 0.04472135955 4.0 0.0 0.42 22.0 left 1 774.241283178 774.665260077 775.07753396 775.927327156
206 0.3 0.3 1 0.3 0.0271441761659 4.0 0.6 0.42 22.0 right 1 775.960736036 776.384555101 776.796638012 778.023540974
207 0.3 0.3 -1 0.3 0.0164754897244 4.0 0.6 0.42 22.0 right 0 778.056710005 778.48061204 778.892793179 779.837119102
208 0.3 0.3 1 0.3 0.0271441761659 4.0 0.2 0.42 22.0 right 1 779.870368958 780.294138193 780.706305981 781.556102037
209 0.3 0.3 -1 0.3 0.04472135955 4.0 0.4 0.42 90.0 left 1 781.589564085 782.013470173 782.425801039 784.935952187
210 0.3 0.3 1 0.3 0.0164754897244 4.0 0.8 0.42 90.0 left 0 784.969298124 785.393223047 785.805454016 786.690543175
211 0.3 0.3 1 0.3 0.0164754897244 4.0 0.2 0.42 22.0 left 0 786.723888159 787.147830009 787.560117006 788.398205996
212 0.3 0.3 1 0.3 0.0736806299728 4.0 0.4 0.42 90.0 left 0 788.431512117 788.855360985 789.267575979 790.117325068
213 0.3 0.3 1 0.3 0.121392446201 4.0 0.2 0.42 90.0 left 0 790.150622129 790.5745821 790.986819029 791.660700083
214 0.3 0.3 1 0.3 0.2 4.0 0.6 0.42 22.0 right 1 791.69352603 792.117360115 792.529561043 793.191823959
215 0.3 0.3 1 0.3 0.0271441761659 4.0 0.0 0.42 22.0 right 1 793.224265099 793.648190022 794.060306072 794.839560032
216 0.3 0.3 1 0.3 0.2 4.0 0.2 0.42 22.0 right 1 794.872868061 795.296790123 795.708934069 796.300780058
217 0.3 0.3 1 0.3 0.121392446201 4.0 0.2 0.42 22.0 right 1 796.333124161 796.757016182 797.169195175 797.831645012
218 0.3 0.3 -1 0.3 0.121392446201 4.0 0.4 0.42 22.0 left 1 797.864062071 798.288032055 798.700250149 799.39666605
219 0.3 0.3 1 0.3 0.04472135955 4.0 0.0 0.42 22.0 right 1 799.430204153 799.854099035 800.26632309 800.951519966
220 0.3 0.3 1 0.3 0.0736806299728 4.0 0.6 0.42 22.0 right 1 800.984788179 801.408732176 801.820811033 802.576488018
221 0.3 0.3 -1 0.3 0.01 4.0 0.8 0.42 22.0 left 1 802.609857082 803.033794165 803.445981979 804.213375092
222 0.3 0.3 1 0.3 0.0164754897244 4.0 0.8 0.42 22.0 right 1 804.246592999 804.670642138 805.082826138 806.014868975
223 0.3 0.3 1 0.3 0.0271441761659 4.0 0.6 0.42 90.0 right 1 806.048321962 806.472369194 806.884423971 808.02840209
224 0.3 0.3 -1 0.3 0.2 4.0 0.0 0.42 22.0 left 1 808.061988115 808.486065149 808.898149967 809.524888992
225 0.3 0.3 1 0.3 0.01 4.0 0.8 0.42 22.0 right 1 809.557661057 809.981642962 810.393831015 811.40832305
226 0.3 0.3 1 0.3 0.0271441761659 4.0 0.4 0.42 90.0 left 0 811.441805124 811.865763187 812.277952194 813.316308975
227 0.3 0.3 -1 0.3 0.0271441761659 4.0 0.0 0.42 22.0 left 1 813.349572182 813.773331165 814.18552804 815.070762157
228 0.3 0.3 1 0.3 0.04472135955 4.0 0.6 0.42 22.0 right 1 815.104214191 815.528131008 815.940279961 816.837260962
229 0.3 0.3 1 0.3 0.0164754897244 4.0 0.6 0.42 90.0 left 0 816.870551109 817.294416189 817.706590176 818.803574085
230 0.3 0.3 1 0.3 0.01 4.0 0.6 0.42 22.0 left 0 818.837231159 819.2610991 819.673282146 820.617254972
231 0.3 0.3 1 0.3 0.2 4.0 0.0 0.42 22.0 right 1 820.650717974 821.074596167 821.486788034 822.148741961
232 0.3 0.3 1 0.3 0.0164754897244 4.0 0.0 0.42 22.0 right 1 822.181603193 822.605398178 823.017585039 824.067313194
233 0.3 0.3 -1 0.3 0.0164754897244 4.0 0.0 0.42 90.0 right 0 824.100933075 824.524923086 824.937103033 825.951622009
234 0.3 0.3 -1 0.3 0.121392446201 4.0 0.0 0.42 22.0 left 1 825.985085964 826.409003019 826.821283102 827.483603001
235 0.3 0.3 1 0.3 0.0164754897244 4.0 0.4 0.42 90.0 right 1 827.516052961 827.939977169 828.352200985 829.261058092
236 0.3 0.3 -1 0.3 0.0736806299728 4.0 0.8 0.42 90.0 left 1 829.294313192 829.718244076 830.130403996 830.886160135
237 0.3 0.3 -1 0.3 0.2 4.0 0.6 0.42 22.0 left 1 830.919430971 831.343351126 831.755513191 832.406049967
238 0.3 0.3 1 0.3 0.0736806299728 4.0 0.2 0.42 90.0 right 1 832.438495159 832.862418175 833.274538994 834.23063302
239 0.3 0.3 1 0.3 0.0736806299728 4.0 0.8 0.42 22.0 right 1 834.263808012 834.687774181 835.099882126 835.843700171
240 0.3 0.3 -1 0.3 0.0271441761659 4.0 0.8 0.42 22.0 left 1 835.87711215 836.300903082 836.713217974 837.492266178
241 0.3 0.3 -1 0.3 0.121392446201 4.0 0.6 0.42 90.0 left 1 837.525727987 837.949575186 838.361889124 839.282170057
242 0.3 0.3 -1 0.3 0.2 4.0 0.4 0.42 22.0 left 1 839.315582991 839.739447117 840.151705027 840.873155117
243 0.3 0.3 1 0.3 0.2 4.0 0.4 0.42 22.0 right 1 840.905315161 841.329277992 841.741466999 842.474588156
244 0.3 0.3 -1 0.3 0.121392446201 4.0 0.2 0.42 90.0 left 1 842.50694108 842.930785179 843.343053102 844.122310162
245 0.3 0.3 1 0.3 0.121392446201 4.0 0.0 0.42 22.0 right 1 844.155614138 844.579571962 844.991631985 845.688570976
246 0.3 0.3 1 0.3 0.01 4.0 0.2 0.42 90.0 left 0 845.721865177 846.145802975 846.557991982 847.537219048
247 0.3 0.3 -1 0.3 0.0164754897244 4.0 0.8 0.42 22.0 left 1 847.570615053 847.994660139 848.406829119 849.268460989
248 0.3 0.3 -1 0.3 0.04472135955 4.0 0.8 0.42 22.0 left 1 849.301723003 849.725610018 850.137748957 850.940442085
249 0.3 0.3 1 0.3 0.0736806299728 4.0 0.0 0.42 90.0 left 0 850.973837137 851.397801161 851.809975147 852.647907019
250 0.3 0.3 -1 0.3 0.0271441761659 4.0 0.4 0.42 22.0 left 1 852.681364059 853.105417013 853.517563105 854.414664984
251 0.3 0.3 -1 0.3 0.0271441761659 4.0 0.2 0.42 90.0 left 1 854.447757959 854.871652126 855.283886194 856.416576147
252 0.3 0.3 -1 0.3 0.04472135955 4.0 0.8 0.42 90.0 right 0 856.449843168 856.873780012 857.285804987 858.029762983
253 0.3 0.3 1 0.3 0.2 4.0 0.6 0.42 90.0 left 0 858.063137054 858.487002134 858.899182081 860.067016125
254 0.3 0.3 -1 0.3 0.0164754897244 4.0 0.6 0.42 90.0 right 0 860.100208044 860.524188995 860.936374187 861.915642977
255 0.3 0.3 -1 0.3 0.0736806299728 4.0 0.2 0.42 90.0 right 0 861.949233055 862.373174191 862.785288095 863.859014988
256 0.3 0.3 -1 0.3 0.121392446201 4.0 0.4 0.42 90.0 left 1 863.892179012 864.316120148 864.728214979 865.577852011
257 0.3 0.3 -1 0.3 0.0736806299728 4.0 0.6 0.42 90.0 right 0 865.611473083 866.035407066 866.447569132 867.297610998
258 0.3 0.3 -1 0.3 0.04472135955 4.0 0.2 0.42 22.0 left 1 867.330856085 867.754846096 868.16703701 868.993239164
259 0.3 0.3 -1 0.3 0.0164754897244 4.0 0.0 0.42 22.0 right 0 869.026523113 869.450415134 869.862596989 870.747970104
260 0.3 0.3 -1 0.3 0.04472135955 4.0 0.0 0.42 90.0 right 0 870.781156063 871.205175161 871.617357969 872.502457142
261 0.3 0.3 1 0.3 0.121392446201 4.0 0.6 0.42 90.0 left 0 872.53570509 872.959685087 873.371878147 874.186239958
262 0.3 0.3 -1 0.3 0.0271441761659 4.0 0.6 0.42 90.0 right 0 874.219645977 874.64360714 875.055772066 876.706560135
263 0.3 0.3 -1 0.3 0.0271441761659 4.0 0.6 0.42 22.0 right 0 876.739879131 877.163735151 877.576007128 878.578788042
264 0.3 0.3 -1 0.3 0.121392446201 4.0 0.8 0.42 22.0 left 1 878.612164021 879.036235094 879.4483881 880.262993097
265 0.3 0.3 1 0.3 0.04472135955 4.0 0.8 0.42 22.0 right 1 880.29608798 880.720113039 881.13225913 881.923406124
266 0.3 0.3 1 0.3 0.01 4.0 0.8 0.42 90.0 right 1 881.956659079 882.380524158 882.792711973 883.948901176
267 0.3 0.3 1 0.3 0.0736806299728 4.0 0.8 0.42 90.0 left 0 883.982167959 884.406080961 884.818269014 885.538240194
268 0.3 0.3 -1 0.3 0.2 4.0 0.8 0.42 90.0 left 1 885.571973085 885.995746136 886.408002138 887.187782049
269 0.3 0.3 -1 0.3 0.01 4.0 0.4 0.42 22.0 right 0 887.220585108 887.64450407 888.056534052 888.98874712
270 0.3 0.3 1 0.3 0.01 4.0 0.6 0.42 90.0 left 0 889.022186041 889.446141005 889.858319998 890.825737
271 0.3 0.3 -1 0.3 0.01 4.0 0.2 0.42 90.0 right 0 890.859205961 891.283321142 891.695361137 892.86314702
272 0.3 0.3 -1 0.3 0.01 4.0 0.4 0.42 90.0 right 0 892.896500111 893.320417166 893.732568979 894.735903025
273 0.3 0.3 1 0.3 0.2 4.0 0.0 0.42 90.0 right 1 894.768830061 895.19285202 895.604997158 896.478613138
274 0.3 0.3 -1 0.3 0.2 4.0 0.6 0.42 90.0 left 1 896.511909962 896.935626984 897.347970009 898.092709064
275 0.3 0.3 1 0.3 0.0271441761659 4.0 0.4 0.42 22.0 right 1 898.124952078 898.549100161 898.961225033 899.881553173
276 0.3 0.3 1 0.3 0.0271441761659 4.0 0.0 0.42 90.0 right 1 899.914973021 900.338965178 900.751216173 901.824817181
277 0.3 0.3 1 0.3 0.0164754897244 4.0 0.2 0.42 90.0 left 0 901.85818696 902.282077074 902.694257975 903.591006994
278 0.3 0.3 -1 0.3 0.0736806299728 4.0 0.2 0.42 22.0 left 1 903.624369144 904.048459053 904.460570097 905.298762083
279 0.3 0.3 1 0.3 0.121392446201 4.0 0.8 0.42 22.0 right 1 905.332091093 905.755949974 906.168178082 906.923774004
280 0.3 0.3 -1 0.3 0.01 4.0 0.0 0.42 90.0 right 0 906.95721817 907.381131172 907.793241978 908.819800138
