trial durationPreFixation durationFixation direction durationGrating duration speed phaseIni contrast size response correct time_onset time_fixation time_stimulus time_response
1 0.3 0.3 1 0.3 0.121392446201 4.0 0.6 0.42 22.0 right 1 28.830728054 29.2546100616 29.6667740345 30.363642931
2 0.3 0.3 -1 0.3 0.01 4.0 0.6 0.42 90.0 right 0 30.3969509602 30.8208789825 31.2330758572 32.3304848671
3 0.3 0.3 1 0.3 0.04472135955 4.0 0.0 0.42 22.0 right 1 32.3635759354 32.7875790596 33.1997499466 33.9905979633
4 0.3 0.3 1 0.3 0.0736806299728 4.0 0.6 0.42 22.0 right 1 34.0240390301 34.4479789734 34.860213995 35.6044199467
5 0.3 0.3 -1 0.3 0.0164754897244 4.0 0.0 0.42 22.0 right 0 35.6373319626 36.0612919331 36.4735238552 37.2880849838
6 0.3 0.3 -1 0.3 0.01 4.0 0.0 0.42 22.0 left 1 37.3214318752 37.7453620434 38.1574668884 39.0428669453
7 0.3 0.3 1 0.3 0.121392446201 4.0 0.8 0.42 90.0 right 1 39.0760920048 39.5001449585 39.9122450352 40.6681950092
8 0.3 0.3 -1 0.3 0.04472135955 4.0 0.8 0.42 90.0 right 0 40.7011919022 41.1253209114 41.5373418331 42.6345889568
9 0.3 0.3 1 0.3 0.04472135955 4.0 0.4 0.42 22.0 right 1 42.6678209305 43.0918610096 43.5039670467 44.306855917
10 0.3 0.3 -1 0.3 0.2 4.0 0.2 0.42 22.0 left 1 44.3400728703 44.7640228271 45.1763589382 46.1792340279
11 0.3 0.3 -1 0.3 0.04472135955 4.0 0.6 0.42 90.0 right 0 46.2125859261 46.6366050243 47.0486879349 47.9694788456
12 0.3 0.3 1 0.3 0.2 4.0 0.8 0.42 22.0 right 1 48.0025918484 48.4264750481 48.8386800289 49.489166975
13 0.3 0.3 -1 0.3 0.121392446201 4.0 0.2 0.42 22.0 left 1 49.5217468739 49.9456088543 50.3578019142 51.2078578472
14 0.3 0.3 1 0.3 0.121392446201 4.0 0.6 0.42 90.0 right 1 51.2410979271 51.6649420261 52.0770988464 52.8917219639
15 0.3 0.3 1 0.3 0.121392446201 4.0 0.4 0.42 90.0 right 1 52.9250378609 53.3489608765 53.7611269951 54.6232998371
16 0.3 0.3 1 0.3 0.04472135955 4.0 0.0 0.42 90.0 right 1 54.6561388969 55.0800919533 55.4923639297 56.3658759594
17 0.3 0.3 -1 0.3 0.04472135955 4.0 0.0 0.42 90.0 right 0 56.3991549015 56.8230929375 57.2351608276 58.4741828442
18 0.3 0.3 1 0.3 0.04472135955 4.0 0.4 0.42 90.0 right 1 58.5070168972 58.9309539795 59.3431179523 60.2640810013
19 0.3 0.3 1 0.3 0.0164754897244 4.0 0.8 0.42 90.0 left 0 60.297121048 60.7209968567 61.1332318783 62.1365158558
20 0.3 0.3 -1 0.3 0.0736806299728 4.0 0.6 0.42 90.0 right 0 62.1695718765 62.5933778286 63.0055558681 63.8793718815
21 0.3 0.3 1 0.3 0.01 4.0 0.8 0.42 22.0 right 1 63.9124209881 64.3364288807 64.7484829426 65.634057045
22 0.3 0.3 -1 0.3 0.2 4.0 0.6 0.42 90.0 left 1 65.6670839787 66.0909948349 66.5032029152 67.3539738655
23 0.3 0.3 1 0.3 0.04472135955 4.0 0.2 0.42 22.0 right 1 67.386412859 67.8103728294 68.2225799561 69.1077969074
24 0.3 0.3 -1 0.3 0.0736806299728 4.0 0.8 0.42 22.0 left 1 69.1411058903 69.5649719238 69.9771978855 70.8626019955
25 0.3 0.3 -1 0.3 0.0271441761659 4.0 0.2 0.42 90.0 right 0 70.8958098888 71.319726944 71.7318389416 72.687885046
26 0.3 0.3 1 0.3 0.0271441761659 4.0 0.4 0.42 22.0 right 1 72.7210919857 73.1450409889 73.5572860241 74.3838748932
27 0.3 0.3 1 0.3 0.0164754897244 4.0 0.2 0.42 22.0 right 1 74.4287910461 74.8526380062 75.2647469044 76.1265048981
28 0.3 0.3 1 0.3 0.2 4.0 0.4 0.42 90.0 right 1 76.1597869396 76.5837268829 76.9959340096 77.835616827
29 0.3 0.3 1 0.3 0.0271441761659 4.0 0.4 0.42 90.0 right 1 77.8673820496 78.2913188934 78.7035229206 79.600522995
30 0.3 0.3 1 0.3 0.01 4.0 0.4 0.42 90.0 right 1 79.633756876 80.0577719212 80.4698998928 81.8028700352
31 0.3 0.3 1 0.3 0.2 4.0 0.2 0.42 22.0 right 1 81.8360168934 82.2599480152 82.6720969677 83.3816359043
32 0.3 0.3 -1 0.3 0.0271441761659 4.0 0.8 0.42 90.0 right 0 83.4141378403 83.8380889893 84.2502219677 85.253278017
33 0.3 0.3 1 0.3 0.2 4.0 0.8 0.42 90.0 right 1 85.2864480019 85.7103569508 86.1226248741 87.090392828
34 0.3 0.3 1 0.3 0.2 4.0 0.4 0.42 22.0 right 1 87.1235568523 87.5475649834 87.9596219063 88.8689129353
35 0.3 0.3 1 0.3 0.0736806299728 4.0 0.4 0.42 90.0 right 1 88.9017188549 89.3257348537 89.7379498482 90.6468338966
36 0.3 0.3 -1 0.3 0.121392446201 4.0 0.4 0.42 22.0 left 1 90.6800229549 91.1039888859 91.5160689354 92.4840149879
37 0.3 0.3 -1 0.3 0.04472135955 4.0 0.4 0.42 90.0 right 0 92.5171468258 92.9410789013 93.3531739712 94.3447828293
38 0.3 0.3 -1 0.3 0.01 4.0 0.2 0.42 90.0 right 0 94.3777630329 94.8017289639 95.2138299942 96.0521068573
39 0.3 0.3 1 0.3 0.0164754897244 4.0 0.0 0.42 22.0 right 1 96.0852768421 96.5092539787 96.9214758873 97.7363500595
40 0.3 0.3 -1 0.3 0.04472135955 4.0 0.8 0.42 22.0 left 1 97.7693998814 98.1932599545 98.6054179668 100.586150885
41 0.3 0.3 -1 0.3 0.0736806299728 4.0 0.2 0.42 90.0 left 1 100.619159937 101.043190956 101.455339909 102.411181927
42 0.3 0.3 1 0.3 0.0736806299728 4.0 0.2 0.42 90.0 right 1 102.444628954 102.868449926 103.280671835 104.118906975
43 0.3 0.3 -1 0.3 0.2 4.0 0.4 0.42 22.0 left 1 104.152158976 104.576164007 104.988421917 105.732993841
44 0.3 0.3 -1 0.3 0.0271441761659 4.0 0.0 0.42 22.0 left 1 105.765485048 106.189446926 106.60164094 108.087743998
45 0.3 0.3 1 0.3 0.0271441761659 4.0 0.6 0.42 90.0 left 0 108.132557869 108.556499958 108.968629837 109.913094997
46 0.3 0.3 1 0.3 0.04472135955 4.0 0.8 0.42 90.0 left 0 109.946059942 110.370097876 110.782212973 111.785228968
47 0.3 0.3 1 0.3 0.2 4.0 0.6 0.42 90.0 right 1 111.81862998 112.242518902 112.654683828 113.481967926
48 0.3 0.3 1 0.3 0.01 4.0 0.2 0.42 22.0 right 1 113.514319897 113.93828702 114.350461006 115.306623936
49 0.3 0.3 1 0.3 0.0271441761659 4.0 0.8 0.42 90.0 right 1 115.339611053 115.763689041 116.175855875 117.167191029
50 0.3 0.3 -1 0.3 0.0164754897244 4.0 0.2 0.42 90.0 right 0 117.200284004 117.624354839 118.036500931 118.921778917
51 0.3 0.3 -1 0.3 0.2 4.0 0.8 0.42 90.0 left 1 118.954990864 119.378988028 119.791102886 120.630756855
52 0.3 0.3 1 0.3 0.01 4.0 0.8 0.42 90.0 right 1 120.662562847 121.086518049 121.498632908 122.46686101
53 0.3 0.3 -1 0.3 0.04472135955 4.0 0.2 0.42 90.0 right 0 122.499789953 122.923646927 123.335818052 124.563012838
54 0.3 0.3 -1 0.3 0.0271441761659 4.0 0.2 0.42 22.0 right 0 124.595870018 125.019824982 125.431946993 126.458580017
55 0.3 0.3 1 0.3 0.0164754897244 4.0 0.2 0.42 90.0 right 1 126.491816044 126.915727854 127.327942848 128.872892857
56 0.3 0.3 1 0.3 0.121392446201 4.0 0.0 0.42 90.0 right 1 128.905982971 129.329862833 129.742039919 130.615689039
57 0.3 0.3 -1 0.3 0.0164754897244 4.0 0.6 0.42 90.0 right 0 130.660724878 131.084697008 131.496832848 132.44127202
58 0.3 0.3 1 0.3 0.01 4.0 0.0 0.42 22.0 right 1 132.474299908 132.898164034 133.310381889 134.172040939
59 0.3 0.3 1 0.3 0.0736806299728 4.0 0.4 0.42 22.0 right 1 134.205461025 134.629278898 135.041427851 136.009337902
60 0.3 0.3 1 0.3 0.0736806299728 4.0 0.0 0.42 22.0 right 1 136.042587996 136.466439009 136.878726959 137.705118895
61 0.3 0.3 1 0.3 0.121392446201 4.0 0.4 0.42 22.0 right 1 137.738231897 138.162143946 138.574395895 139.448210955
62 0.3 0.3 1 0.3 0.121392446201 4.0 0.0 0.42 22.0 right 1 139.481053829 139.905153036 140.317394972 141.167243958
63 0.3 0.3 1 0.3 0.0164754897244 4.0 0.4 0.42 90.0 right 1 141.200572968 141.62439394 142.036603928 143.028198004
64 0.3 0.3 -1 0.3 0.0164754897244 4.0 0.4 0.42 22.0 right 0 143.061185837 143.485050917 143.897232056 144.794442892
65 0.3 0.3 1 0.3 0.0271441761659 4.0 0.8 0.42 22.0 right 1 144.827558041 145.251481056 145.663699865 146.419543028
66 0.3 0.3 -1 0.3 0.121392446201 4.0 0.6 0.42 90.0 left 1 146.45274806 146.876816034 147.288796902 148.221286058
67 0.3 0.3 -1 0.3 0.121392446201 4.0 0.4 0.42 90.0 left 1 148.25454998 148.678408861 149.090581894 150.246764898
68 0.3 0.3 -1 0.3 0.2 4.0 0.2 0.42 90.0 left 1 150.280011892 150.703984022 151.116137028 151.955220938
69 0.3 0.3 -1 0.3 0.2 4.0 0.8 0.42 22.0 left 1 151.987597942 152.411515951 152.82364583 153.603982925
70 0.3 0.3 -1 0.3 0.2 4.0 0.0 0.42 90.0 left 1 153.636277914 154.06020093 154.472343922 155.182148933
71 0.3 0.3 -1 0.3 0.121392446201 4.0 0.8 0.42 90.0 left 1 155.214285851 155.638269901 156.050379992 156.829710007
72 0.3 0.3 1 0.3 0.0271441761659 4.0 0.0 0.42 22.0 left 0 156.862993002 157.286914825 157.699069023 158.702174902
73 0.3 0.3 1 0.3 0.01 4.0 0.6 0.42 22.0 right 1 158.73545599 159.159381866 159.571531057 160.374452829
74 0.3 0.3 -1 0.3 0.01 4.0 0.8 0.42 22.0 right 0 160.407641888 160.831634045 161.243808031 162.117373943
75 0.3 0.3 1 0.3 0.0736806299728 4.0 0.6 0.42 90.0 right 1 162.15068984 162.574522018 162.986690998 163.95460701
76 0.3 0.3 1 0.3 0.0271441761659 4.0 0.0 0.42 90.0 right 1 163.987752914 164.411727905 164.823827982 165.709122896
77 0.3 0.3 1 0.3 0.0164754897244 4.0 0.6 0.42 90.0 left 0 165.742356062 166.16634798 166.578452826 167.569705963
78 0.3 0.3 -1 0.3 0.0271441761659 4.0 0.4 0.42 90.0 left 1 167.602937937 168.026903868 168.439216852 169.371391058
79 0.3 0.3 -1 0.3 0.121392446201 4.0 0.8 0.42 22.0 left 1 169.404814005 169.828784943 170.240864992 171.12627697
80 0.3 0.3 -1 0.3 0.01 4.0 0.8 0.42 90.0 left 1 171.159576893 171.583431005 171.995589972 172.975103855
81 0.3 0.3 -1 0.3 0.04472135955 4.0 0.0 0.42 22.0 left 1 173.008368015 173.432410002 173.844485044 175.24800086
82 0.3 0.3 -1 0.3 0.0164754897244 4.0 0.8 0.42 22.0 left 1 175.281251907 175.705168962 176.117420912 177.108633041
83 0.3 0.3 1 0.3 0.0271441761659 4.0 0.2 0.42 90.0 left 0 177.14190197 177.565760851 177.977977037 178.992843866
84 0.3 0.3 -1 0.3 0.0736806299728 4.0 0.0 0.42 22.0 left 1 179.025969982 179.450016022 179.862133026 180.78282094
85 0.3 0.3 -1 0.3 0.2 4.0 0.6 0.42 22.0 left 1 180.816128016 181.240032911 181.652241945 182.537372828
86 0.3 0.3 -1 0.3 0.0736806299728 4.0 0.4 0.42 90.0 left 1 182.570765972 182.99465394 183.406790018 184.386265039
87 0.3 0.3 1 0.3 0.01 4.0 0.4 0.42 22.0 right 1 184.41959095 184.843502998 185.255652905 186.129181862
88 0.3 0.3 -1 0.3 0.121392446201 4.0 0.0 0.42 90.0 left 1 186.162539005 186.586525917 186.998683929 187.801568031
89 0.3 0.3 -1 0.3 0.01 4.0 0.2 0.42 22.0 left 1 187.834718943 188.258730888 188.670796871 189.662601948
90 0.3 0.3 -1 0.3 0.0736806299728 4.0 0.0 0.42 90.0 left 1 189.695384979 190.119362831 190.531492949 191.428585052
91 0.3 0.3 -1 0.3 0.0736806299728 4.0 0.8 0.42 90.0 left 1 191.461890936 191.885730028 192.297914982 193.230557919
92 0.3 0.3 -1 0.3 0.0271441761659 4.0 0.4 0.42 22.0 left 1 193.263577938 193.687549829 194.099725962 195.067456961
93 0.3 0.3 1 0.3 0.04472135955 4.0 0.8 0.42 22.0 right 1 195.10074687 195.524603844 195.936844826 196.751854897
94 0.3 0.3 1 0.3 0.2 4.0 0.2 0.42 90.0 right 1 196.784742832 197.208644867 197.620957851 198.448129892
95 0.3 0.3 -1 0.3 0.0164754897244 4.0 0.2 0.42 22.0 left 1 198.480646849 198.904513836 199.316620827 200.296282053
96 0.3 0.3 -1 0.3 0.121392446201 4.0 0.0 0.42 22.0 left 1 200.329444885 200.753387928 201.165575027 202.027248859
97 0.3 0.3 -1 0.3 0.0164754897244 4.0 0.8 0.42 90.0 right 0 202.060531855 202.484451056 202.896636963 203.994031906
98 0.3 0.3 1 0.3 0.0164754897244 4.0 0.0 0.42 90.0 right 1 204.027194977 204.45105195 204.863384962 205.831053972
99 0.3 0.3 1 0.3 0.01 4.0 0.2 0.42 90.0 right 1 205.86429286 206.288228989 206.700497866 207.785965919
100 0.3 0.3 1 0.3 0.01 4.0 0.6 0.42 90.0 right 1 207.819140911 208.243149996 208.655253887 209.622961998
101 0.3 0.3 -1 0.3 0.04472135955 4.0 0.6 0.42 22.0 left 1 209.656239033 210.080214024 210.492352962 211.825248957
102 0.3 0.3 1 0.3 0.04472135955 4.0 0.6 0.42 22.0 right 1 211.858576059 212.282491922 212.694629908 213.568011045
103 0.3 0.3 -1 0.3 0.0164754897244 4.0 0.4 0.42 90.0 right 0 213.601310015 214.02528286 214.437388897 215.416940928
104 0.3 0.3 1 0.3 0.121392446201 4.0 0.2 0.42 22.0 right 1 215.450239897 215.874228954 216.286345005 217.077491045
105 0.3 0.3 -1 0.3 0.04472135955 4.0 0.2 0.42 22.0 left 1 217.11067605 217.53463006 217.946797848 218.867688894
106 0.3 0.3 -1 0.3 0.0736806299728 4.0 0.2 0.42 22.0 left 1 218.900632858 219.324596882 219.736820936 220.598670959
107 0.3 0.3 1 0.3 0.121392446201 4.0 0.8 0.42 22.0 right 1 220.631782055 221.055768967 221.467911005 222.188174963
108 0.3 0.3 -1 0.3 0.2 4.0 0.4 0.42 90.0 left 1 222.221534014 222.645549059 223.057703018 224.001878977
109 0.3 0.3 -1 0.3 0.01 4.0 0.0 0.42 90.0 left 1 224.035109997 224.459167957 224.871288061 226.06269598
110 0.3 0.3 -1 0.3 0.0164754897244 4.0 0.0 0.42 90.0 left 1 226.09599185 226.519973993 226.932158947 228.30030489
111 0.3 0.3 -1 0.3 0.0736806299728 4.0 0.4 0.42 22.0 left 1 228.333509922 228.757459879 229.169618845 230.078464985
112 0.3 0.3 -1 0.3 0.0271441761659 4.0 0.8 0.42 22.0 left 1 230.111799002 230.535729885 230.94775486 232.210067987
113 0.3 0.3 -1 0.3 0.121392446201 4.0 0.2 0.42 90.0 left 1 232.243299007 232.667182922 233.079342842 233.929283857
114 0.3 0.3 1 0.3 0.0164754897244 4.0 0.6 0.42 22.0 left 0 233.962528944 234.386575937 234.798662901 235.778193951
115 0.3 0.3 1 0.3 0.0736806299728 4.0 0.2 0.42 22.0 right 1 235.811451912 236.235457897 236.647569895 237.485899925
116 0.3 0.3 1 0.3 0.0164754897244 4.0 0.4 0.42 22.0 right 1 237.519052029 237.942996979 238.355180979 239.240481853
117 0.3 0.3 -1 0.3 0.0736806299728 4.0 0.6 0.42 22.0 left 1 239.273658991 239.697592974 240.109781027 240.948046923
118 0.3 0.3 1 0.3 0.2 4.0 0.0 0.42 90.0 right 1 240.981269836 241.405343056 241.817404032 242.609349966
119 0.3 0.3 -1 0.3 0.01 4.0 0.4 0.42 90.0 left 1 242.641717911 243.065741062 243.477993965 244.339529991
120 0.3 0.3 -1 0.3 0.0164754897244 4.0 0.6 0.42 22.0 left 1 244.372901917 244.796777964 245.208930969 246.070736885
121 0.3 0.3 -1 0.3 0.01 4.0 0.6 0.42 22.0 right 0 246.104003906 246.527892828 246.940198898 248.072598934
122 0.3 0.3 -1 0.3 0.121392446201 4.0 0.6 0.42 22.0 left 1 248.105886936 248.529816866 248.942039967 249.780278921
123 0.3 0.3 -1 0.3 0.04472135955 4.0 0.4 0.42 22.0 left 1 249.813483953 250.237509012 250.649660826 251.582098007
124 0.3 0.3 1 0.3 0.01 4.0 0.0 0.42 90.0 left 0 251.615244865 252.039226055 252.451406002 253.513445854
125 0.3 0.3 1 0.3 0.0736806299728 4.0 0.8 0.42 22.0 right 1 253.546687841 253.970623016 254.382845879 255.185570002
126 0.3 0.3 1 0.3 0.0271441761659 4.0 0.2 0.42 22.0 right 1 255.21891284 255.642775059 256.054896832 256.857898951
127 0.3 0.3 1 0.3 0.0271441761659 4.0 0.6 0.42 22.0 right 1 256.891088963 257.315011024 257.727218866 258.706801891
128 0.3 0.3 1 0.3 0.2 4.0 0.0 0.42 22.0 right 1 258.739905834 259.163920879 259.576097012 260.344436884
129 0.3 0.3 1 0.3 0.121392446201 4.0 0.2 0.42 90.0 right 1 260.37678194 260.800804853 261.212992907 262.027531862
130 0.3 0.3 1 0.3 0.04472135955 4.0 0.2 0.42 90.0 right 1 262.060837984 262.48477006 262.896958828 263.99436903
131 0.3 0.3 -1 0.3 0.0271441761659 4.0 0.6 0.42 22.0 left 1 264.027677059 264.451612949 264.863641977 265.760876894
132 0.3 0.3 1 0.3 0.04472135955 4.0 0.6 0.42 90.0 left 0 265.793936968 266.217941999 266.630060911 267.750957966
133 0.3 0.3 1 0.3 0.2 4.0 0.6 0.42 22.0 right 1 267.784116983 268.208104849 268.620283842 269.505589962
134 0.3 0.3 -1 0.3 0.01 4.0 0.4 0.42 22.0 right 0 269.538862944 269.962795019 270.374939919 271.531178951
135 0.3 0.3 -1 0.3 0.0271441761659 4.0 0.0 0.42 90.0 right 0 271.56428504 271.988276005 272.400611877 273.379961967
136 0.3 0.3 -1 0.3 0.2 4.0 0.0 0.42 22.0 left 1 273.413194895 273.837179899 274.249317884 274.994254827
137 0.3 0.3 1 0.3 0.0736806299728 4.0 0.8 0.42 90.0 right 1 275.026537895 275.450604916 275.862742901 276.689105988
138 0.3 0.3 1 0.3 0.0164754897244 4.0 0.8 0.42 22.0 right 1 276.722328901 277.146328926 277.558560848 278.632490873
139 0.3 0.3 -1 0.3 0.0271441761659 4.0 0.6 0.42 90.0 right 0 278.66550684 279.089341879 279.501548052 280.528101921
140 0.3 0.3 1 0.3 0.0736806299728 4.0 0.0 0.42 90.0 right 1 280.561452866 280.985417843 281.397531033 282.188775063
141 0.3 0.3 1 0.3 0.0736806299728 4.0 0.8 0.42 22.0 right 1 551.934470892 552.358405828 552.770545959 553.561668873
142 0.3 0.3 -1 0.3 0.0736806299728 4.0 0.0 0.42 90.0 left 1 553.594864845 554.018893003 554.431062937 555.492996931
143 0.3 0.3 -1 0.3 0.0736806299728 4.0 0.8 0.42 22.0 left 1 555.526155949 555.950162888 556.362249851 557.177037001
144 0.3 0.3 1 0.3 0.0736806299728 4.0 0.8 0.42 90.0 right 1 557.210335016 557.634237051 558.046278 559.390866041
145 0.3 0.3 1 0.3 0.04472135955 4.0 0.0 0.42 22.0 right 1 559.424134016 559.848166943 560.260243893 561.086681843
146 0.3 0.3 1 0.3 0.2 4.0 0.0 0.42 90.0 right 1 561.120022058 561.543875933 561.956080914 562.817837
147 0.3 0.3 -1 0.3 0.01 4.0 0.6 0.42 22.0 right 0 562.851060867 563.274973869 563.687116861 564.678407907
148 0.3 0.3 -1 0.3 0.01 4.0 0.0 0.42 90.0 right 0 564.711758852 565.135643959 565.547843933 566.57474184
149 0.3 0.3 -1 0.3 0.0736806299728 4.0 0.8 0.42 90.0 left 1 566.607614994 567.031708956 567.443812847 568.38794589
150 0.3 0.3 -1 0.3 0.01 4.0 0.2 0.42 22.0 left 1 568.421182871 568.845131874 569.257424831 571.296836853
151 0.3 0.3 1 0.3 0.0164754897244 4.0 0.2 0.42 90.0 right 1 571.329985857 571.753952026 572.166177988 573.428424835
152 0.3 0.3 -1 0.3 0.04472135955 4.0 0.2 0.42 22.0 right 0 573.461488008 573.8854599 574.297653913 575.418441057
153 0.3 0.3 1 0.3 0.2 4.0 0.8 0.42 90.0 right 1 575.451781034 575.87567687 576.287950993 577.079721928
154 0.3 0.3 -1 0.3 0.121392446201 4.0 0.2 0.42 90.0 left 1 577.112144947 577.536142826 577.948305845 579.987843037
155 0.3 0.3 -1 0.3 0.2 4.0 0.2 0.42 90.0 left 1 580.020918846 580.444845915 580.856976032 582.613628864
156 0.3 0.3 1 0.3 0.0164754897244 4.0 0.0 0.42 90.0 left 0 582.646990061 583.070942879 583.483295918 585.392889977
157 0.3 0.3 1 0.3 0.2 4.0 0.6 0.42 90.0 right 1 585.426151037 585.850103855 586.262328863 587.077966928
158 0.3 0.3 1 0.3 0.04472135955 4.0 0.6 0.42 90.0 right 1 587.110189915 587.534100056 587.946316957 588.843634844
159 0.3 0.3 1 0.3 0.0271441761659 4.0 0.6 0.42 90.0 right 1 588.876627922 589.300538063 589.712754011 590.680708885
160 0.3 0.3 -1 0.3 0.0164754897244 4.0 0.6 0.42 22.0 right 0 590.713728905 591.137634993 591.549839973 592.51770997
161 0.3 0.3 1 0.3 0.01 4.0 0.8 0.42 90.0 left 0 592.550942898 592.974798918 593.386955023 594.39010191
162 0.3 0.3 1 0.3 0.0271441761659 4.0 0.4 0.42 90.0 left 0 594.423212051 594.847193956 595.259390831 596.344853878
163 0.3 0.3 1 0.3 0.04472135955 4.0 0.2 0.42 22.0 left 0 596.37826705 596.80201602 597.214251041 598.311560869
164 0.3 0.3 1 0.3 0.0164754897244 4.0 0.6 0.42 90.0 left 0 598.344778061 598.768759012 599.180949926 600.183789968
165 0.3 0.3 -1 0.3 0.04472135955 4.0 0.0 0.42 90.0 left 1 600.217215061 600.641128063 601.053264856 601.997701883
166 0.3 0.3 -1 0.3 0.04472135955 4.0 0.8 0.42 22.0 left 1 602.030767918 602.454699993 602.866876841 603.752100945
167 0.3 0.3 -1 0.3 0.121392446201 4.0 0.4 0.42 22.0 left 1 603.785433054 604.209491014 604.621520996 605.389257908
168 0.3 0.3 -1 0.3 0.2 4.0 0.6 0.42 22.0 left 1 605.434130907 605.858060837 606.270213842 606.991453886
169 0.3 0.3 -1 0.3 0.0736806299728 4.0 0.6 0.42 90.0 left 1 607.023886919 607.447840929 607.859941959 608.851342916
170 0.3 0.3 -1 0.3 0.0736806299728 4.0 0.2 0.42 90.0 left 1 608.884502888 609.308483839 609.720603943 610.770769835
171 0.3 0.3 -1 0.3 0.04472135955 4.0 0.0 0.42 22.0 left 1 610.804039955 611.227999926 611.640183926 612.502007008
172 0.3 0.3 -1 0.3 0.0271441761659 4.0 0.4 0.42 90.0 left 1 612.535220861 612.959151983 613.371288061 614.798493862
173 0.3 0.3 -1 0.3 0.0164754897244 4.0 0.4 0.42 22.0 right 0 614.831579924 615.255619049 615.667671919 616.494089842
174 0.3 0.3 -1 0.3 0.01 4.0 0.4 0.42 90.0 right 0 616.527340889 616.951237917 617.363376856 618.307586908
175 0.3 0.3 1 0.3 0.04472135955 4.0 0.6 0.42 22.0 right 1 618.340808868 618.764745951 619.17701602 619.956450939
176 0.3 0.3 -1 0.3 0.2 4.0 0.6 0.42 90.0 left 1 619.989609957 620.413459063 620.825702906 621.62946105
177 0.3 0.3 -1 0.3 0.04472135955 4.0 0.6 0.42 90.0 left 1 621.661974907 622.085747957 622.497865915 623.559939861
178 0.3 0.3 1 0.3 0.121392446201 4.0 0.6 0.42 90.0 right 1 623.593109846 624.017077923 624.429147959 625.267580986
179 0.3 0.3 -1 0.3 0.01 4.0 0.6 0.42 90.0 right 0 625.300673008 625.724602938 626.136865854 627.292788029
180 0.3 0.3 1 0.3 0.0736806299728 4.0 0.4 0.42 90.0 right 1 627.326201916 627.750083923 628.162328005 629.071284056
181 0.3 0.3 1 0.3 0.121392446201 4.0 0.2 0.42 90.0 right 1 629.104552031 629.52846384 629.940532923 630.766855001
182 0.3 0.3 -1 0.3 0.0164754897244 4.0 0.8 0.42 22.0 right 0 630.800237894 631.224231005 631.636306047 632.55734396
183 0.3 0.3 1 0.3 0.0736806299728 4.0 0.6 0.42 22.0 right 1 632.602087021 633.025913954 633.438065052 634.288008928
184 0.3 0.3 -1 0.3 0.2 4.0 0.0 0.42 90.0 left 1 634.321322918 634.74526906 635.157363892 636.089828968
185 0.3 0.3 1 0.3 0.04472135955 4.0 0.4 0.42 90.0 right 1 636.123055935 636.546951056 636.959113836 637.797332048
186 0.3 0.3 1 0.3 0.0736806299728 4.0 0.2 0.42 90.0 right 1 637.830554962 638.254639864 638.66675806 639.540525913
187 0.3 0.3 1 0.3 0.0164754897244 4.0 0.2 0.42 22.0 right 1 639.573709965 639.997589827 640.409687042 641.589310884
188 0.3 0.3 -1 0.3 0.121392446201 4.0 0.6 0.42 90.0 left 1 641.622673988 642.046543837 642.4588449 643.285151958
189 0.3 0.3 1 0.3 0.01 4.0 0.6 0.42 22.0 left 0 643.318421841 643.742287874 644.154559851 645.746441841
190 0.3 0.3 1 0.3 0.01 4.0 0.4 0.42 22.0 right 1 645.779631853 646.20360589 646.615653038 647.653980017
191 0.3 0.3 -1 0.3 0.0164754897244 4.0 0.0 0.42 90.0 right 0 647.687365055 648.111299992 648.523532867 649.503015995
192 0.3 0.3 1 0.3 0.2 4.0 0.4 0.42 90.0 right 1 649.536171913 649.960253 650.372350931 651.234045982
193 0.3 0.3 -1 0.3 0.01 4.0 0.4 0.42 22.0 right 0 651.267442942 651.691352844 652.103493929 653.118300915
194 0.3 0.3 1 0.3 0.0271441761659 4.0 0.2 0.42 90.0 right 1 653.151646852 653.57553792 653.987606049 654.967174053
195 0.3 0.3 1 0.3 0.0271441761659 4.0 0.6 0.42 22.0 right 1 655.000485897 655.424401045 655.836546898 656.686555862
196 0.3 0.3 -1 0.3 0.0271441761659 4.0 0.6 0.42 22.0 right 0 656.719785929 657.143633842 657.555902004 658.42948103
197 0.3 0.3 1 0.3 0.01 4.0 0.2 0.42 22.0 right 1 658.462826967 658.886678934 659.29885006 660.183960915
198 0.3 0.3 -1 0.3 0.121392446201 4.0 0.0 0.42 22.0 left 1 660.217264891 660.64130187 661.053426027 661.950428009
199 0.3 0.3 1 0.3 0.0164754897244 4.0 0.8 0.42 90.0 left 0 661.983763933 662.407731056 662.819831848 663.869922876
200 0.3 0.3 -1 0.3 0.0164754897244 4.0 0.2 0.42 90.0 left 1 663.903347015 664.327220917 664.739398003 665.648104906
201 0.3 0.3 -1 0.3 0.0271441761659 4.0 0.0 0.42 22.0 left 1 665.68153286 666.105480909 666.517647982 667.438191891
202 0.3 0.3 1 0.3 0.0164754897244 4.0 0.6 0.42 22.0 left 0 667.471468925 667.895505905 668.307555914 669.18125701
203 0.3 0.3 1 0.3 0.2 4.0 0.2 0.42 22.0 right 1 669.226130009 669.650202036 670.062302828 670.935757875
204 0.3 0.3 -1 0.3 0.121392446201 4.0 0.8 0.42 90.0 left 1 670.969095945 671.392946005 671.805156946 672.631736994
205 0.3 0.3 -1 0.3 0.0271441761659 4.0 0.2 0.42 90.0 left 1 672.664846897 673.088856936 673.500913858 674.562927961
206 0.3 0.3 -1 0.3 0.121392446201 4.0 0.6 0.42 22.0 left 1 674.596077919 675.020081997 675.432271004 676.317708969
207 0.3 0.3 1 0.3 0.121392446201 4.0 0.0 0.42 22.0 right 1 676.350980997 676.774703979 677.186952829 677.954696894
208 0.3 0.3 1 0.3 0.0271441761659 4.0 0.2 0.42 22.0 right 1 677.987798929 678.411643982 678.823852062 679.591407061
209 0.3 0.3 -1 0.3 0.0736806299728 4.0 0.6 0.42 22.0 right 0 679.624722004 680.048614025 680.46089983 681.134037018
210 0.3 0.3 -1 0.3 0.2 4.0 0.8 0.42 90.0 left 1 681.167340994 681.591292858 682.003407955 683.265616894
211 0.3 0.3 -1 0.3 0.0164754897244 4.0 0.4 0.42 90.0 right 0 683.298879862 683.722758055 684.134964943 685.267530918
212 0.3 0.3 1 0.3 0.121392446201 4.0 0.0 0.42 90.0 right 1 685.300873041 685.724699974 686.136863947 687.163406849
213 0.3 0.3 1 0.3 0.01 4.0 0.2 0.42 90.0 right 1 687.196745872 687.62071085 688.032997847 689.212416887
214 0.3 0.3 1 0.3 0.0736806299728 4.0 0.6 0.42 90.0 right 1 689.245909929 689.669925928 690.082067966 691.237948895
215 0.3 0.3 1 0.3 0.2 4.0 0.4 0.42 22.0 right 1 691.271350861 691.695255995 692.107421875 693.028036833
216 0.3 0.3 1 0.3 0.0736806299728 4.0 0.4 0.42 22.0 right 1 693.061347008 693.485219955 693.897531986 694.782734871
217 0.3 0.3 -1 0.3 0.0271441761659 4.0 0.2 0.42 22.0 left 1 694.816172838 695.239912033 695.652267933 696.725718021
218 0.3 0.3 -1 0.3 0.01 4.0 0.2 0.42 90.0 left 1 696.759088993 697.183037043 697.595242023 699.151744843
219 0.3 0.3 1 0.3 0.0271441761659 4.0 0.0 0.42 22.0 left 0 699.185041904 699.60886693 700.021082878 701.365574837
220 0.3 0.3 -1 0.3 0.0164754897244 4.0 0.0 0.42 22.0 left 1 701.399108887 701.822945833 702.235103846 703.320584059
221 0.3 0.3 -1 0.3 0.121392446201 4.0 0.2 0.42 22.0 left 1 703.353744984 703.777752876 704.189888954 705.087082863
222 0.3 0.3 -1 0.3 0.0164754897244 4.0 0.2 0.42 22.0 left 1 705.120267868 705.544106007 705.956333876 706.924124002
223 0.3 0.3 1 0.3 0.121392446201 4.0 0.2 0.42 22.0 right 1 706.957334995 707.381245852 707.793508053 708.596501827
224 0.3 0.3 -1 0.3 0.0271441761659 4.0 0.6 0.42 90.0 left 1 708.629606962 709.053493977 709.465643883 710.598208904
225 0.3 0.3 -1 0.3 0.121392446201 4.0 0.0 0.42 90.0 left 1 710.631563902 711.05555892 711.467814922 712.506150961
226 0.3 0.3 1 0.3 0.04472135955 4.0 0.8 0.42 22.0 right 1 712.539278984 712.963194847 713.375324011 714.354903936
227 0.3 0.3 1 0.3 0.121392446201 4.0 0.4 0.42 90.0 right 1 714.388222933 714.812047005 715.224237919 716.085875034
228 0.3 0.3 1 0.3 0.0271441761659 4.0 0.0 0.42 90.0 right 1 716.119281054 716.543161869 716.955387831 717.817219973
229 0.3 0.3 1 0.3 0.2 4.0 0.2 0.42 90.0 right 1 717.850474834 718.274438858 718.686599016 719.454994917
230 0.3 0.3 -1 0.3 0.04472135955 4.0 0.4 0.42 22.0 left 1 719.487303019 719.91118288 720.323413849 721.514888048
231 0.3 0.3 -1 0.3 0.0736806299728 4.0 0.4 0.42 22.0 left 1 721.54814291 721.97209692 722.38429904 723.198899031
232 0.3 0.3 1 0.3 0.0271441761659 4.0 0.8 0.42 22.0 right 1 723.232136965 723.656097889 724.068271875 724.977025986
233 0.3 0.3 1 0.3 0.121392446201 4.0 0.8 0.42 22.0 right 1 725.010463953 725.434246063 725.846587896 726.613962889
234 0.3 0.3 1 0.3 0.2 4.0 0.0 0.42 22.0 right 1 726.647423983 727.071285963 727.483325958 728.157489061
235 0.3 0.3 1 0.3 0.0164754897244 4.0 0.8 0.42 22.0 right 1 728.190034866 728.613890886 729.026010036 729.887812853
236 0.3 0.3 -1 0.3 0.01 4.0 0.8 0.42 90.0 right 0 729.921089888 730.344992876 730.757204056 731.677651882
237 0.3 0.3 -1 0.3 0.01 4.0 0.0 0.42 22.0 right 0 731.711066008 732.134964943 732.547171831 733.514714003
238 0.3 0.3 1 0.3 0.121392446201 4.0 0.8 0.42 90.0 right 1 733.548188925 733.972028971 734.384246826 735.246129036
239 0.3 0.3 1 0.3 0.0736806299728 4.0 0.0 0.42 90.0 right 1 735.279285908 735.703316927 736.115507841 737.0478549
240 0.3 0.3 -1 0.3 0.2 4.0 0.8 0.42 22.0 left 1 737.081039906 737.504930019 737.917085886 738.69746089
241 0.3 0.3 1 0.3 0.0271441761659 4.0 0.8 0.42 90.0 left 0 738.729681015 739.153681993 739.565759897 740.510004044
242 0.3 0.3 1 0.3 0.01 4.0 0.0 0.42 90.0 left 0 740.54319787 740.967190981 741.379444838 742.2764709
243 0.3 0.3 1 0.3 0.0736806299728 4.0 0.2 0.42 22.0 right 1 742.309774876 742.733573914 743.14583993 744.419648886
244 0.3 0.3 -1 0.3 0.04472135955 4.0 0.4 0.42 90.0 left 1 744.452980042 744.876873016 745.28904891 746.186372042
245 0.3 0.3 1 0.3 0.0271441761659 4.0 0.4 0.42 22.0 right 1 746.219456911 746.643352032 747.055502892 747.964385033
246 0.3 0.3 -1 0.3 0.04472135955 4.0 0.2 0.42 90.0 right 0 747.997621059 748.421593904 748.833747864 750.508419991
247 0.3 0.3 1 0.3 0.04472135955 4.0 0.4 0.42 22.0 right 1 750.553058863 750.976929903 751.389153957 752.462784052
248 0.3 0.3 -1 0.3 0.2 4.0 0.0 0.42 22.0 left 1 752.496083975 752.920083046 753.332242012 754.053521872
249 0.3 0.3 -1 0.3 0.121392446201 4.0 0.8 0.42 22.0 left 1 754.085935831 754.509892941 754.922088861 756.525651932
250 0.3 0.3 1 0.3 0.121392446201 4.0 0.6 0.42 22.0 right 1 756.558892965 756.982858896 757.395100832 758.174291849
251 0.3 0.3 1 0.3 0.04472135955 4.0 0.2 0.42 90.0 right 1 758.207690954 758.63160491 759.043720961 759.987890005
252 0.3 0.3 -1 0.3 0.0164754897244 4.0 0.8 0.42 90.0 right 0 760.02122283 760.445168018 760.857321024 761.76632905
253 0.3 0.3 -1 0.3 0.0736806299728 4.0 0.2 0.42 22.0 left 1 761.799398899 762.223441839 762.635601044 763.556385994
254 0.3 0.3 1 0.3 0.2 4.0 0.6 0.42 22.0 right 1 763.601135015 764.025112867 764.43731904 765.158530951
255 0.3 0.3 -1 0.3 0.121392446201 4.0 0.4 0.42 90.0 left 1 765.190918922 765.614912987 766.027012825 766.888857841
256 0.3 0.3 1 0.3 0.2 4.0 0.8 0.42 22.0 right 1 766.922097921 767.346168041 767.758113861 768.631768942
257 0.3 0.3 -1 0.3 0.0271441761659 4.0 0.0 0.42 90.0 right 0 768.664979935 769.088837862 769.501127005 770.503922939
258 0.3 0.3 1 0.3 0.0164754897244 4.0 0.4 0.42 22.0 right 1 770.537366867 770.961249828 771.373411894 772.35311389
259 0.3 0.3 -1 0.3 0.2 4.0 0.4 0.42 90.0 left 1 772.386257887 772.810323954 773.222462893 774.178292036
260 0.3 0.3 -1 0.3 0.2 4.0 0.2 0.42 22.0 left 1 774.211642981 774.635489941 775.047721863 775.804491997
261 0.3 0.3 -1 0.3 0.0164754897244 4.0 0.6 0.42 90.0 left 1 775.836714983 776.260660887 776.672831059 777.558159828
262 0.3 0.3 -1 0.3 0.0736806299728 4.0 0.4 0.42 90.0 left 1 777.59148097 778.015351057 778.427495956 779.878119946
263 0.3 0.3 -1 0.3 0.0736806299728 4.0 0.0 0.42 22.0 left 1 779.911252022 780.335197926 780.747407913 781.644424915
264 0.3 0.3 -1 0.3 0.0271441761659 4.0 0.4 0.42 22.0 left 1 781.67771697 782.101604939 782.513798952 783.387976885
265 0.3 0.3 1 0.3 0.01 4.0 0.8 0.42 22.0 right 1 783.432339907 783.856334925 784.268513918 785.130259991
266 0.3 0.3 1 0.3 0.121392446201 4.0 0.4 0.42 22.0 right 1 785.163491011 785.587455988 785.999621868 786.732162952
267 0.3 0.3 1 0.3 0.0164754897244 4.0 0.0 0.42 22.0 right 1 786.776811838 787.200778961 787.613013983 788.568814039
268 0.3 0.3 1 0.3 0.04472135955 4.0 0.8 0.42 90.0 right 1 788.602190018 789.026109934 789.438241959 790.570910931
269 0.3 0.3 1 0.3 0.01 4.0 0.6 0.42 90.0 right 1 790.604181051 791.028023005 791.440237045 792.644065857
270 0.3 0.3 -1 0.3 0.0271441761659 4.0 0.8 0.42 22.0 right 0 792.688604832 793.112490892 793.524679899 794.74019599
271 0.3 0.3 -1 0.3 0.04472135955 4.0 0.8 0.42 90.0 left 1 794.784638882 795.208622932 795.620837927 796.729966879
272 0.3 0.3 1 0.3 0.0164754897244 4.0 0.4 0.42 90.0 left 0 796.763151884 797.187031984 797.599239826 798.625761032
273 0.3 0.3 -1 0.3 0.04472135955 4.0 0.6 0.42 22.0 left 1 798.659040928 799.082967043 799.495234966 800.392438889
274 0.3 0.3 -1 0.3 0.01 4.0 0.8 0.42 22.0 left 1 800.425658941 800.849431992 801.261739016 802.19398284
275 0.3 0.3 -1 0.3 0.2 4.0 0.4 0.42 22.0 left 1 802.227342844 802.651257038 803.063513994 804.219926834
276 0.3 0.3 1 0.3 0.0736806299728 4.0 0.0 0.42 22.0 right 1 804.264555931 804.688639879 805.100757837 805.85642004
277 0.3 0.3 1 0.3 0.01 4.0 0.4 0.42 90.0 right 1 805.889701843 806.313662052 806.725788832 807.646452904
278 0.3 0.3 1 0.3 0.01 4.0 0.0 0.42 22.0 right 1 807.679733992 808.103651047 808.515813828 809.389394045
279 0.3 0.3 -1 0.3 0.0271441761659 4.0 0.8 0.42 90.0 right 0 809.422555923 809.846541882 810.258671999 811.308981895
280 0.3 0.3 1 0.3 0.04472135955 4.0 0.0 0.42 90.0 right 1 811.342115879 811.766074896 812.178231001 813.15783596
