Experiment   Time   Size   InitialPhase   Duration   Contrast   Direction   Frequency   Speed   FixationTime   Answer   Correct   
1   0.85   1   216   0.12139   0.42   1   1   4   0.3   right   1   
2   0.816667   1   144   0.12139   0.42   1   1   4   0.3   right   1   
3   0.866666   4   0   0.2   0.42   -1   1   4   0.3   left   1   
4   0.85   1   72   0.07368   0.42   1   1   4   0.3   right   1   
5   0.916666   4   288   0.07368   0.42   1   1   4   0.3   right   1   
6   0.883333   1   0   0.01648   0.42   -1   1   4   0.3   right   0   
7   0.85   1   288   0.04472   0.42   -1   1   4   0.3   left   1   
8   0.9   4   216   0.01   0.42   1   1   4   0.308333   right   1   
9   0.966666   4   216   0.2   0.42   1   1   4   0.3   right   1   
10   0.783333   1   0   0.04472   0.42   1   1   4   0.3   right   1   
11   0.85   4   288   0.12139   0.42   1   1   4   0.3   right   1   
12   0.983333   4   144   0.01648   0.42   1   1   4   0.3   right   1   
13   0.8   1   216   0.12139   0.42   -1   1   4   0.3   left   1   
14   0.783333   1   72   0.01648   0.42   -1   1   4   0.3   right   0   
15   0.816667   1   0   0.027144   0.42   1   1   4   0.3   right   1   
16   2.33333   4   144   0.12139   0.42   1   1   4   0.3   right   1   
17   0.9   4   72   0.01   0.42   -1   1   4   0.308333   right   0   
18   0.933333   4   0   0.04472   0.42   1   1   4   0.3   right   1   
19   0.75   1   0   0.2   0.42   1   1   4   0.3   right   1   
20   0.883333   4   288   0.2   0.42   -1   1   4   0.3   left   1   
21   0.9   1   72   0.2   0.42   -1   1   4   0.3   left   1   
22   1.15   4   288   0.01648   0.42   -1   1   4   0.3   left   1   
23   0.8   1   288   0.12139   0.42   1   1   4   0.3   right   1   
24   0.883333   4   216   0.12139   0.42   -1   1   4   0.3   left   1   
25   0.966666   1   144   0.01648   0.42   1   1   4   0.3   right   1   
26   0.833333   4   144   0.2   0.42   1   1   4   0.3   right   1   
27   0.966666   1   216   0.04472   0.42   -1   1   4   0.3   left   1   
28   0.883333   1   72   0.04472   0.42   -1   1   4   0.3   left   1   
29   0.916666   4   288   0.12139   0.42   -1   1   4   0.3   left   1   
30   0.916666   1   0   0.07368   0.42   1   1   4   0.3   right   1   
31   0.783333   4   288   0.2   0.42   1   1   4   0.3   right   1   
32   0.766667   4   288   0.04472   0.42   1   1   4   0.3   right   1   
33   0.816667   1   216   0.01   0.42   1   1   4   0.308333   right   1   
34   0.866666   4   288   0.01   0.42   1   1   4   0.308333   right   1   
35   0.8   1   288   0.01648   0.42   1   1   4   0.3   right   1   
36   1.05   4   72   0.01   0.42   1   1   4   0.308333   left   0   
37   0.883333   4   144   0.04472   0.42   1   1   4   0.3   left   0   
38   1.15   1   288   0.027144   0.42   -1   1   4   0.3   left   1   
39   0.883333   1   288   0.12139   0.42   -1   1   4   0.3   left   1   
40   0.95   1   288   0.027144   0.42   1   1   4   0.3   left   0   
41   0.85   1   216   0.01   0.42   -1   1   4   0.308333   left   1   
42   0.966666   1   0   0.12139   0.42   -1   1   4   0.3   left   1   
43   0.816667   1   72   0.01648   0.42   1   1   4   0.3   left   0   
44   0.833333   4   0   0.2   0.42   1   1   4   0.3   right   1   
45   0.9   1   0   0.07368   0.42   -1   1   4   0.3   left   1   
46   0.783333   1   216   0.07368   0.42   1   1   4   0.3   right   1   
47   0.916666   1   216   0.2   0.42   -1   1   4   0.3   left   1   
48   0.933333   4   216   0.07368   0.42   1   1   4   0.3   right   1   
49   0.85   1   288   0.01   0.42   -1   1   4   0.308333   right   0   
50   0.916666   1   0   0.12139   0.42   1   1   4   0.3   right   1   
51   1.1   1   0   0.01   0.42   1   1   4   0.308333   right   1   
52   0.916666   4   216   0.027144   0.42   -1   1   4   0.3   right   0   
53   0.983333   4   72   0.027144   0.42   1   1   4   0.3   right   1   
54   0.783333   1   144   0.2   0.42   1   1   4   0.3   right   1   
55   0.833333   1   216   0.027144   0.42   -1   1   4   0.3   left   1   
56   0.816667   4   144   0.01   0.42   -1   1   4   0.308333   right   0   
57   0.9   4   216   0.2   0.42   -1   1   4   0.3   left   1   
58   1.61667   4   72   0.04472   0.42   1   1   4   0.3   left   0   
59   0.866666   1   216   0.04472   0.42   1   1   4   0.3   right   1   
60   0.816667   1   288   0.04472   0.42   1   1   4   0.3   right   1   
61   0.833333   1   288   0.07368   0.42   1   1   4   0.3   right   1   
62   0.916666   4   0   0.027144   0.42   1   1   4   0.3   right   1   
63   0.866666   4   0   0.01   0.42   -1   1   4   0.308333   right   0   
64   1.16667   4   72   0.12139   0.42   -1   1   4   0.3   right   0   
65   0.85   1   0   0.2   0.42   -1   1   4   0.3   left   1   
66   0.833333   4   0   0.07368   0.42   1   1   4   0.3   right   1   
67   0.8   1   72   0.12139   0.42   1   1   4   0.3   right   1   
68   0.833333   1   0   0.01648   0.42   1   1   4   0.3   right   1   
69   0.866666   1   144   0.027144   0.42   1   1   4   0.3   right   1   
70   0.983333   4   288   0.01   0.42   -1   1   4   0.308333   right   0   
71   0.933333   4   216   0.04472   0.42   1   1   4   0.3   right   1   
72   0.783333   4   144   0.12139   0.42   -1   1   4   0.3   left   1   
73   1.01667   4   144   0.07368   0.42   -1   1   4   0.3   left   1   
74   0.833333   1   216   0.01648   0.42   1   1   4   0.3   right   1   
75   0.966666   4   216   0.07368   0.42   -1   1   4   0.3   left   1   
76   0.833333   4   72   0.01648   0.42   1   1   4   0.3   right   1   
77   0.766667   1   144   0.2   0.42   -1   1   4   0.3   left   1   
78   0.85   4   144   0.04472   0.42   -1   1   4   0.3   right   0   
79   0.85   4   72   0.04472   0.42   -1   1   4   0.3   right   0   
80   0.85   4   288   0.04472   0.42   -1   1   4   0.3   right   0   
81   0.866666   1   72   0.07368   0.42   -1   1   4   0.3   left   1   
82   0.75   4   72   0.2   0.42   1   1   4   0.3   right   1   
83   0.866666   4   216   0.04472   0.42   -1   1   4   0.3   right   0   
84   0.816667   4   0   0.07368   0.42   -1   1   4   0.3   left   1   
85   1.28333   1   72   0.027144   0.42   1   1   4   0.3   right   1   
86   0.783333   1   144   0.12139   0.42   -1   1   4   0.3   left   1   
87   0.75   1   216   0.2   0.42   1   1   4   0.3   right   1   
88   0.733333   1   288   0.2   0.42   -1   1   4   0.3   left   1   
89   0.95   4   72   0.07368   0.42   -1   1   4   0.3   left   1   
90   0.816667   4   216   0.01648   0.42   -1   1   4   0.3   right   0   
91   1.01667   1   144   0.01   0.42   1   1   4   0.308333   left   0   
92   0.866666   4   0   0.01648   0.42   1   1   4   0.3   right   1   
93   0.766667   4   0   0.12139   0.42   1   1   4   0.3   right   1   
94   0.783333   4   216   0.12139   0.42   1   1   4   0.3   right   1   
95   1.01667   4   72   0.027144   0.42   -1   1   4   0.3   right   0   
96   0.8   4   288   0.01648   0.42   1   1   4   0.3   right   1   
97   0.916666   1   0   0.01   0.42   -1   1   4   0.308333   right   0   
98   0.9   1   288   0.2   0.42   1   1   4   0.3   right   1   
99   0.816667   4   0   0.12139   0.42   -1   1   4   0.3   left   1   
100   0.95   1   144   0.01648   0.42   -1   1   4   0.3   left   1   
101   0.983333   4   216   0.01648   0.42   1   1   4   0.3   right   1   
102   0.916666   1   144   0.027144   0.42   -1   1   4   0.3   right   0   
103   0.9   4   288   0.07368   0.42   -1   1   4   0.3   left   1   
104   0.833333   4   144   0.027144   0.42   1   1   4   0.3   right   1   
105   1.16667   1   216   0.027144   0.42   1   1   4   0.3   right   1   
106   0.95   4   288   0.027144   0.42   -1   1   4   0.3   right   0   
107   0.866666   1   72   0.04472   0.42   1   1   4   0.3   right   1   
108   0.8   4   0   0.01   0.42   1   1   4   0.308333   right   1   
109   0.833333   1   72   0.12139   0.42   -1   1   4   0.3   left   1   
110   0.816667   1   0   0.04472   0.42   -1   1   4   0.3   left   1   
111   1.05   4   216   0.027144   0.42   1   1   4   0.3   left   0   
112   0.916666   1   288   0.07368   0.42   -1   1   4   0.3   left   1   
113   0.8   1   72   0.01   0.42   -1   1   4   0.308333   left   1   
114   1.01667   1   72   0.01   0.42   1   1   4   0.308333   left   0   
115   0.916666   1   144   0.04472   0.42   -1   1   4   0.3   left   1   
116   0.833333   1   144   0.04472   0.42   1   1   4   0.3   right   1   
117   0.666667   1   72   0.2   0.42   1   1   4   0.3   right   1   
118   0.866666   4   216   0.01   0.42   -1   1   4   0.308333   right   0   
119   0.916666   1   216   0.01648   0.42   -1   1   4   0.3   left   1   
120   0.833333   1   288   0.01   0.42   1   1   4   0.308333   right   1   
121   0.783333   1   0   0.027144   0.42   -1   1   4   0.3   right   0   
122   0.866666   4   144   0.027144   0.42   -1   1   4   0.3   right   0   
123   0.983333   4   0   0.027144   0.42   -1   1   4   0.3   left   1   
124   0.933333   4   0   0.04472   0.42   -1   1   4   0.3   right   0   
125   1.05   4   144   0.2   0.42   -1   1   4   0.3   left   1   
126   0.883333   4   144   0.07368   0.42   1   1   4   0.3   right   1   
127   0.816667   4   288   0.027144   0.42   1   1   4   0.3   right   1   
128   0.85   4   72   0.07368   0.42   1   1   4   0.3   right   1   
129   0.966666   4   144   0.01648   0.42   -1   1   4   0.3   right   0   
130   0.933333   1   288   0.01648   0.42   -1   1   4   0.3   right   0   
131   0.783333   4   72   0.01648   0.42   -1   1   4   0.3   right   0   
132   1.1   1   144   0.07368   0.42   -1   1   4   0.3   left   1   
133   0.883333   4   144   0.01   0.42   1   1   4   0.308333   right   1   
134   0.816667   1   72   0.027144   0.42   -1   1   4   0.3   right   0   
135   0.783333   1   144   0.01   0.42   -1   1   4   0.308333   right   0   
136   0.8   4   72   0.12139   0.42   1   1   4   0.3   right   1   
137   0.75   4   0   0.01648   0.42   -1   1   4   0.3   right   0   
138   0.75   1   144   0.07368   0.42   1   1   4   0.3   right   1   
139   0.95   1   216   0.07368   0.42   -1   1   4   0.3   left   1   
140   0.95   4   72   0.2   0.42   -1   1   4   0.3   left   1   
141   0.766667   1   72   0.12139   0.42   1   1   4   0.3   right   1   
142   0.783333   1   288   0.12139   0.42   1   1   4   0.3   right   1   
143   0.95   4   72   0.07368   0.42   -1   1   4   0.3   left   1   
144   0.9   1   0   0.2   0.42   -1   1   4   0.3   left   1   
145   0.85   1   0   0.04472   0.42   -1   1   4   0.3   left   1   
146   0.95   4   72   0.2   0.42   1   1   4   0.3   right   1   
147   0.833333   1   216   0.027144   0.42   1   1   4   0.3   right   1   
148   1.06667   4   216   0.01   0.42   -1   1   4   0.308333   right   0   
149   1.01667   4   216   0.01   0.42   1   1   4   0.308333   right   1   
150   0.866666   1   144   0.01648   0.42   1   1   4   0.3   right   1   
151   0.966666   1   288   0.2   0.42   1   1   4   0.3   right   1   
152   0.816667   1   144   0.04472   0.42   1   1   4   0.3   right   1   
153   0.816667   1   288   0.01   0.42   -1   1   4   0.308333   right   0   
154   0.95   4   216   0.04472   0.42   -1   1   4   0.3   right   0   
155   0.75   1   144   0.07368   0.42   1   1   4   0.3   right   1   
156   0.783333   1   144   0.01648   0.42   -1   1   4   0.3   right   0   
157   0.833333   4   216   0.12139   0.42   -1   1   4   0.3   left   1   
158   0.75   4   144   0.07368   0.42   1   1   4   0.3   right   1   
159   0.816667   4   288   0.07368   0.42   -1   1   4   0.3   left   1   
160   0.833333   1   144   0.12139   0.42   -1   1   4   0.3   left   1   
161   0.783333   4   72   0.04472   0.42   -1   1   4   0.3   right   0   
162   0.783333   1   0   0.01   0.42   -1   1   4   0.308333   right   0   
163   1.05   4   288   0.01   0.42   -1   1   4   0.308333   right   0   
164   0.933333   1   144   0.027144   0.42   1   1   4   0.3   right   1   
165   0.95   4   216   0.01648   0.42   1   1   4   0.3   right   1   
166   0.866666   4   144   0.2   0.42   1   1   4   0.3   right   1   
167   0.933333   1   0   0.01   0.42   1   1   4   0.308333   right   1   
168   0.816667   1   288   0.04472   0.42   1   1   4   0.3   right   1   
169   0.833333   4   288   0.12139   0.42   1   1   4   0.3   right   1   
170   0.933333   4   72   0.12139   0.42   -1   1   4   0.3   left   1   
171   1.46667   1   288   0.01648   0.42   1   1   4   0.3   left   0   
172   0.933333   1   144   0.04472   0.42   -1   1   4   0.3   left   1   
173   1.35   1   0   0.01648   0.42   -1   1   4   0.3   left   1   
174   1.11667   4   0   0.07368   0.42   -1   1   4   0.3   left   1   
175   0.783333   1   288   0.07368   0.42   1   1   4   0.3   right   1   
176   0.816667   4   72   0.01   0.42   1   1   4   0.308333   right   1   
177   1.7   1   144   0.2   0.42   -1   1   4   0.3   left   1   
178   1.0   4   144   0.04472   0.42   1   1   4   0.3   right   1   
179   1.56667   4   72   0.01648   0.42   -1   1   4   0.3   left   1   
180   1.38333   4   72   0.04472   0.42   1   1   4   0.3   left   0   
181   0.85   1   216   0.2   0.42   -1   1   4   0.3   left   1   
182   1.05   1   216   0.01648   0.42   -1   1   4   0.3   left   1   
183   1.11667   4   288   0.01   0.42   1   1   4   0.308333   left   0   
184   1.2   4   0   0.01648   0.42   1   1   4   0.3   left   0   
185   1.05   4   144   0.12139   0.42   -1   1   4   0.3   left   1   
186   0.8   1   216   0.2   0.42   1   1   4   0.3   right   1   
187   0.783333   1   72   0.027144   0.42   -1   1   4   0.3   right   0   
188   0.85   4   288   0.01648   0.42   -1   1   4   0.3   right   0   
189   0.966666   1   144   0.07368   0.42   -1   1   4   0.3   left   1   
190   0.95   4   288   0.01648   0.42   1   1   4   0.3   right   1   
191   0.95   1   72   0.07368   0.42   -1   1   4   0.3   left   1   
192   0.75   1   144   0.2   0.42   1   1   4   0.3   right   1   
193   1.11667   4   288   0.04472   0.42   1   1   4   0.3   left   0   
194   0.95   4   144   0.07368   0.42   -1   1   4   0.3   left   1   
195   0.966666   4   0   0.01648   0.42   -1   1   4   0.3   left   1   
196   0.95   1   288   0.12139   0.42   -1   1   4   0.3   left   1   
197   0.8   1   72   0.2   0.42   -1   1   4   0.3   left   1   
198   1.05   4   72   0.2   0.42   -1   1   4   0.3   left   1   
199   0.783333   4   0   0.12139   0.42   1   1   4   0.3   right   1   
200   1.01667   4   144   0.027144   0.42   -1   1   4   0.3   left   1   
201   1.16667   4   144   0.01   0.42   -1   1   4   0.308333   left   1   
202   1.4   4   0   0.04472   0.42   1   1   4   0.3   left   0   
203   1.01667   1   72   0.01   0.42   1   1   4   0.308333   right   1   
204   0.916666   4   216   0.2   0.42   -1   1   4   0.3   left   1   
205   0.783333   1   72   0.027144   0.42   1   1   4   0.3   right   1   
206   0.866666   1   0   0.01648   0.42   1   1   4   0.3   right   1   
207   0.816667   1   72   0.2   0.42   1   1   4   0.3   right   1   
208   0.8   1   0   0.027144   0.42   1   1   4   0.3   right   1   
209   1.1   4   72   0.01   0.42   -1   1   4   0.308333   left   1   
210   1.1   1   288   0.027144   0.42   -1   1   4   0.3   left   1   
211   1.08333   4   144   0.027144   0.42   1   1   4   0.3   left   0   
212   0.866666   1   72   0.01648   0.42   -1   1   4   0.3   right   0   
213   1.68333   4   216   0.027144   0.42   1   1   4   0.3   right   1   
214   0.85   4   72   0.07368   0.42   1   1   4   0.3   right   1   
215   0.766667   1   144   0.12139   0.42   1   1   4   0.3   right   1   
216   0.7   1   72   0.07368   0.42   1   1   4   0.3   right   1   
217   0.916666   4   0   0.01   0.42   1   1   4   0.308333   right   1   
218   0.95   1   288   0.01648   0.42   -1   1   4   0.3   left   1   
219   0.95   1   72   0.12139   0.42   -1   1   4   0.3   left   1   
220   0.933333   4   216   0.07368   0.42   -1   1   4   0.3   left   1   
221   0.816667   1   288   0.2   0.42   -1   1   4   0.3   left   1   
222   0.75   1   216   0.12139   0.42   1   1   4   0.3   right   1   
223   1.01667   4   72   0.027144   0.42   1   1   4   0.3   left   0   
224   0.933333   4   0   0.04472   0.42   -1   1   4   0.3   right   0   
225   0.766667   4   288   0.2   0.42   1   1   4   0.3   right   1   
226   1.23333   4   288   0.027144   0.42   -1   1   4   0.3   left   1   
227   2.68333   4   288   0.12139   0.42   -1   1   4   0.3   left   1   
228   1.13333   1   144   0.01   0.42   1   1   4   0.308333   left   0   
229   1.7   4   144   0.01648   0.42   -1   1   4   0.3   right   0   
230   1.1   1   144   0.027144   0.42   -1   1   4   0.3   right   0   
231   0.966666   4   144   0.04472   0.42   -1   1   4   0.3   right   0   
232   0.816667   4   0   0.027144   0.42   -1   1   4   0.3   right   0   
233   0.916666   4   216   0.12139   0.42   1   1   4   0.3   right   1   
234   0.866666   1   144   0.01   0.42   -1   1   4   0.308333   right   0   
235   1.61667   4   288   0.027144   0.42   1   1   4   0.3   left   0   
236   0.85   1   216   0.01   0.42   1   1   4   0.308333   right   1   
237   0.85   4   144   0.2   0.42   -1   1   4   0.3   left   1   
238   0.816667   1   0   0.04472   0.42   1   1   4   0.3   right   1   
239   1.05   4   72   0.027144   0.42   -1   1   4   0.3   right   0   
240   0.95   1   216   0.07368   0.42   1   1   4   0.3   right   1   
241   0.833333   4   288   0.07368   0.42   1   1   4   0.3   right   1   
242   0.85   4   216   0.01648   0.42   -1   1   4   0.3   right   0   
243   0.983333   1   0   0.07368   0.42   -1   1   4   0.3   left   1   
244   0.933333   1   72   0.04472   0.42   -1   1   4   0.3   left   1   
245   0.783333   1   0   0.12139   0.42   1   1   4   0.3   right   1   
246   0.833333   1   216   0.01648   0.42   1   1   4   0.3   right   1   
247   0.883333   4   144   0.12139   0.42   1   1   4   0.3   right   1   
248   0.8   1   72   0.01648   0.42   1   1   4   0.3   right   1   
249   0.783333   1   288   0.027144   0.42   1   1   4   0.3   right   1   
250   0.733333   1   0   0.2   0.42   1   1   4   0.3   right   1   
251   0.683333   4   72   0.01648   0.42   1   1   4   0.3   right   1   
252   0.966666   1   288   0.07368   0.42   -1   1   4   0.3   left   1   
253   0.833333   1   216   0.04472   0.42   1   1   4   0.3   right   1   
254   1.01667   4   0   0.027144   0.42   1   1   4   0.3   right   1   
255   1.0   4   144   0.01   0.42   1   1   4   0.308333   right   1   
256   0.8   1   72   0.04472   0.42   1   1   4   0.3   right   1   
257   1.25   4   144   0.01648   0.42   1   1   4   0.3   right   1   
258   0.966666   4   288   0.2   0.42   -1   1   4   0.3   left   1   
259   0.983333   1   72   0.01   0.42   -1   1   4   0.308333   left   1   
260   1.05   4   0   0.12139   0.42   -1   1   4   0.3   left   1   
261   0.783333   1   216   0.12139   0.42   -1   1   4   0.3   left   1   
262   0.816667   4   216   0.07368   0.42   1   1   4   0.3   right   1   
263   1.38333   4   216   0.027144   0.42   -1   1   4   0.3   left   1   
264   0.8   1   288   0.01   0.42   1   1   4   0.308333   left   0   
265   0.9   1   216   0.07368   0.42   -1   1   4   0.3   left   1   
266   0.983333   4   0   0.01   0.42   -1   1   4   0.308333   left   1   
267   0.95   1   216   0.04472   0.42   -1   1   4   0.3   left   1   
268   1.16667   1   0   0.027144   0.42   -1   1   4   0.3   right   0   
269   1.53333   4   288   0.04472   0.42   -1   1   4   0.3   right   0   
270   0.916666   1   216   0.01   0.42   -1   1   4   0.308333   left   1   
271   0.816667   4   0   0.2   0.42   1   1   4   0.3   right   1   
272   0.883333   1   0   0.12139   0.42   -1   1   4   0.3   left   1   
273   0.916666   1   216   0.027144   0.42   -1   1   4   0.3   right   0   
274   0.833333   4   0   0.2   0.42   -1   1   4   0.3   left   1   
275   0.866666   1   288   0.04472   0.42   -1   1   4   0.3   left   1   
276   0.85   4   216   0.2   0.42   1   1   4   0.3   right   1   
277   0.966666   4   216   0.04472   0.42   1   1   4   0.3   right   1   
278   0.833333   4   72   0.12139   0.42   1   1   4   0.3   right   1   
279   0.933333   1   0   0.07368   0.42   1   1   4   0.3   right   1   
280   0.916666   4   0   0.07368   0.42   1   1   4   0.3   right   1   
