trial durationPreFixation durationFixation direction durationGrating duration speed phaseIni contrast size response correct time_onset time_fixation time_stimulus time_response
1 0.3 0.3 -1 0.3 0.0736806299728 4.0 0.0 0.42 90.0 left 1 28.7893288136 29.2132678032 29.6254839897 30.5219049454
2 0.3 0.3 -1 0.3 0.0164754897244 4.0 0.8 0.42 90.0 right 0 30.5557188988 30.9796509743 31.3918149471 32.5009849072
3 0.3 0.3 1 0.3 0.121392446201 4.0 0.8 0.42 22.0 right 1 32.534113884 32.9580309391 33.3702368736 34.3499228954
4 0.3 0.3 1 0.3 0.0736806299728 4.0 0.8 0.42 22.0 right 1 34.3829569817 34.8069019318 35.2192099094 36.1395368576
5 0.3 0.3 1 0.3 0.0271441761659 4.0 0.6 0.42 22.0 right 1 36.1728959084 36.5970299244 37.0091118813 37.9179148674
6 0.3 0.3 -1 0.3 0.0736806299728 4.0 0.6 0.42 22.0 left 1 37.9511539936 38.3750088215 38.7873339653 39.7195498943
7 0.3 0.3 -1 0.3 0.04472135955 4.0 0.6 0.42 22.0 left 1 39.7528958321 40.1767838001 40.5889508724 41.4743609428
8 0.3 0.3 -1 0.3 0.0736806299728 4.0 0.2 0.42 22.0 left 1 41.5075178146 41.9315679073 42.3435769081 43.1232450008
9 0.3 0.3 1 0.3 0.0164754897244 4.0 0.0 0.42 22.0 right 1 43.1681118011 43.5919539928 44.0041408539 44.877617836
10 0.3 0.3 1 0.3 0.01 4.0 0.8 0.42 22.0 left 0 44.9108839035 45.3348228931 45.7469120026 46.5498919487
11 0.3 0.3 -1 0.3 0.0736806299728 4.0 0.6 0.42 90.0 left 1 46.582983017 47.0069339275 47.419121027 48.4104619026
12 0.3 0.3 -1 0.3 0.04472135955 4.0 0.4 0.42 90.0 left 1 48.4436018467 48.867623806 49.2797749043 50.2829709053
13 0.3 0.3 1 0.3 0.0736806299728 4.0 0.8 0.42 90.0 right 1 50.3161258698 50.7399768829 51.1521019936 52.155479908
14 0.3 0.3 1 0.3 0.121392446201 4.0 0.6 0.42 22.0 right 1 52.1885378361 52.6123549938 53.0245950222 53.8038778305
15 0.3 0.3 1 0.3 0.0164754897244 4.0 0.0 0.42 90.0 left 0 53.837143898 54.2611129284 54.6732828617 55.5116138458
16 0.3 0.3 1 0.3 0.0736806299728 4.0 0.0 0.42 90.0 right 1 55.54468894 55.9685869217 56.3807640076 57.1249089241
17 0.3 0.3 1 0.3 0.04472135955 4.0 0.6 0.42 90.0 right 1 57.1580410004 57.581925869 57.9941220284 58.8675889969
18 0.3 0.3 1 0.3 0.0271441761659 4.0 0.0 0.42 90.0 right 1 58.9009068012 59.3247578144 59.7369189262 60.5282719135
19 0.3 0.3 1 0.3 0.04472135955 4.0 0.4 0.42 90.0 right 1 60.5612637997 60.985200882 61.39742589 62.1650159359
20 0.3 0.3 -1 0.3 0.2 4.0 0.0 0.42 90.0 left 1 62.1981198788 62.6220359802 63.0342879295 63.6261370182
21 0.3 0.3 1 0.3 0.2 4.0 0.4 0.42 90.0 right 1 63.6584029198 64.0823118687 64.4944548607 64.9334189892
22 0.3 0.3 1 0.3 0.121392446201 4.0 0.4 0.42 90.0 right 1 64.9655809402 65.3894989491 65.8016848564 66.4293730259
23 0.3 0.3 1 0.3 0.0271441761659 4.0 0.0 0.42 22.0 left 0 66.4610879421 66.8851568699 67.2972099781 68.0883288383
24 0.3 0.3 1 0.3 0.0271441761659 4.0 0.2 0.42 90.0 right 1 68.1216259003 68.5454628468 68.9577138424 69.7960178852
25 0.3 0.3 1 0.3 0.0736806299728 4.0 0.2 0.42 90.0 right 1 69.8291428089 70.2530198097 70.6652398109 71.409430027
26 0.3 0.3 1 0.3 0.01 4.0 0.0 0.42 22.0 right 1 71.4423968792 71.866412878 72.2784450054 73.0343449116
27 0.3 0.3 1 0.3 0.04472135955 4.0 0.8 0.42 90.0 right 1 73.0675618649 73.4914629459 73.9035718441 74.7892479897
28 0.3 0.3 1 0.3 0.0736806299728 4.0 0.4 0.42 22.0 right 1 74.8221738338 75.2460668087 75.6582238674 76.461222887
29 0.3 0.3 1 0.3 0.01 4.0 0.2 0.42 22.0 right 1 76.4943878651 76.9183459282 77.3305799961 78.1922578812
30 0.3 0.3 1 0.3 0.0271441761659 4.0 0.8 0.42 22.0 right 1 78.225507021 78.6493709087 79.0615279675 79.8056089878
31 0.3 0.3 -1 0.3 0.0271441761659 4.0 0.8 0.42 90.0 right 0 79.8388078213 80.2627518177 80.6749508381 81.5719499588
32 0.3 0.3 -1 0.3 0.121392446201 4.0 0.6 0.42 90.0 left 1 81.6052699089 82.0291469097 82.4412479401 83.3148670197
33 0.3 0.3 -1 0.3 0.2 4.0 0.6 0.42 22.0 left 1 83.3480839729 83.7720139027 84.1840929985 85.0931258202
34 0.3 0.3 1 0.3 0.01 4.0 0.8 0.42 90.0 right 1 85.1262629032 85.5502338409 85.9623589516 86.859705925
35 0.3 0.3 -1 0.3 0.0271441761659 4.0 0.4 0.42 90.0 left 1 86.8928289413 87.3166148663 87.7288138866 88.7202458382
36 0.3 0.3 -1 0.3 0.2 4.0 0.2 0.42 90.0 left 1 88.7532849312 89.17740798 89.5894520283 90.4745650291
37 0.3 0.3 -1 0.3 0.01 4.0 0.4 0.42 90.0 right 0 90.5079209805 90.9319119453 91.3440937996 92.1234090328
38 0.3 0.3 1 0.3 0.04472135955 4.0 0.0 0.42 90.0 right 1 92.156662941 92.5806210041 92.9927198887 93.8309159279
39 0.3 0.3 1 0.3 0.2 4.0 0.8 0.42 90.0 right 1 93.8641300201 94.2880349159 94.7002739906 95.5275878906
40 0.3 0.3 -1 0.3 0.04472135955 4.0 0.6 0.42 90.0 left 1 95.5601158142 95.9839608669 96.3960599899 97.2106928825
41 0.3 0.3 1 0.3 0.04472135955 4.0 0.6 0.42 22.0 right 1 97.2439069748 97.667798996 98.0800127983 98.8357448578
42 0.3 0.3 1 0.3 0.2 4.0 0.0 0.42 22.0 right 1 98.868983984 99.2929258347 99.7051558495 100.32050395
43 0.3 0.3 -1 0.3 0.04472135955 4.0 0.0 0.42 22.0 left 1 100.352772951 100.776826859 101.188861847 101.909331799
44 0.3 0.3 1 0.3 0.0271441761659 4.0 0.4 0.42 90.0 right 1 101.942692995 102.366528034 102.778646946 103.734668016
45 0.3 0.3 -1 0.3 0.0736806299728 4.0 0.8 0.42 22.0 left 1 103.767918825 104.191762924 104.603925943 105.571799994
46 0.3 0.3 -1 0.3 0.01 4.0 0.2 0.42 90.0 right 0 105.604939938 106.029026031 106.441172838 107.361915827
47 0.3 0.3 1 0.3 0.01 4.0 0.4 0.42 90.0 right 1 107.394861937 107.818907022 108.23091197 109.16364789
48 0.3 0.3 -1 0.3 0.121392446201 4.0 0.8 0.42 22.0 left 1 109.196753979 109.620745897 110.032730818 110.788411856
49 0.3 0.3 1 0.3 0.0164754897244 4.0 0.8 0.42 90.0 right 1 110.821754932 111.245666981 111.657859802 112.531420946
50 0.3 0.3 1 0.3 0.01 4.0 0.0 0.42 90.0 right 1 112.564644814 112.988559008 113.400866032 114.333093882
51 0.3 0.3 1 0.3 0.0736806299728 4.0 0.0 0.42 22.0 right 1 114.366276026 114.790305853 115.202528 116.017395973
52 0.3 0.3 -1 0.3 0.01 4.0 0.0 0.42 22.0 right 0 116.050407887 116.474247932 116.886408806 117.689446926
53 0.3 0.3 -1 0.3 0.121392446201 4.0 0.2 0.42 90.0 left 1 117.734376907 118.158457994 118.570538998 119.19759202
54 0.3 0.3 1 0.3 0.2 4.0 0.6 0.42 90.0 right 1 119.229897976 119.653867006 120.066123962 120.563536882
55 0.3 0.3 1 0.3 0.2 4.0 0.2 0.42 90.0 right 1 120.595968962 121.020006895 121.432004929 121.953158855
56 0.3 0.3 1 0.3 0.0164754897244 4.0 0.2 0.42 90.0 right 1 121.985576868 122.409408808 122.821540833 124.001411915
57 0.3 0.3 -1 0.3 0.0164754897244 4.0 0.0 0.42 22.0 left 1 124.034525871 124.458518028 124.870708942 125.79143095
58 0.3 0.3 1 0.3 0.0271441761659 4.0 0.8 0.42 90.0 right 1 125.824534893 126.248454809 126.660620928 127.369441986
59 0.3 0.3 -1 0.3 0.01 4.0 0.6 0.42 22.0 right 0 127.414355993 127.838230848 128.250414848 129.218372822
60 0.3 0.3 1 0.3 0.121392446201 4.0 0.2 0.42 22.0 right 1 129.251474857 129.675339937 130.087491989 130.76167798
61 0.3 0.3 -1 0.3 0.2 4.0 0.0 0.42 22.0 left 1 130.793996811 131.217998981 131.630177975 132.198359966
62 0.3 0.3 1 0.3 0.0164754897244 4.0 0.4 0.42 90.0 right 1 132.23073101 132.654632807 133.066792965 133.787494898
63 0.3 0.3 -1 0.3 0.0164754897244 4.0 0.6 0.42 22.0 right 0 133.820547819 134.244503975 134.656589985 135.459321022
64 0.3 0.3 1 0.3 0.121392446201 4.0 0.2 0.42 90.0 right 1 135.492796898 135.916795015 136.328871965 137.002996922
65 0.3 0.3 1 0.3 0.121392446201 4.0 0.6 0.42 90.0 right 1 137.035372019 137.459363937 137.871457815 138.545475006
66 0.3 0.3 1 0.3 0.121392446201 4.0 0.0 0.42 90.0 right 1 138.578048944 139.002065897 139.414223909 139.970613003
67 0.3 0.3 1 0.3 0.0164754897244 4.0 0.8 0.42 22.0 right 1 140.002985001 140.426826 140.839118004 141.94814992
68 0.3 0.3 -1 0.3 0.04472135955 4.0 0.8 0.42 90.0 left 1 141.981403828 142.405413866 142.817579985 143.714459896
69 0.3 0.3 1 0.3 0.0271441761659 4.0 0.6 0.42 90.0 right 1 143.747718811 144.171705008 144.583851814 145.457489967
70 0.3 0.3 1 0.3 0.121392446201 4.0 0.0 0.42 22.0 right 1 145.49066186 145.914590836 146.32670784 147.012794018
71 0.3 0.3 1 0.3 0.121392446201 4.0 0.8 0.42 90.0 right 1 147.045109987 147.469039917 147.881207943 148.531891823
72 0.3 0.3 -1 0.3 0.2 4.0 0.4 0.42 90.0 left 1 148.564229965 148.988236904 149.400290012 149.874207973
73 0.3 0.3 1 0.3 0.0736806299728 4.0 0.2 0.42 22.0 right 1 149.906670809 150.330639839 150.74277997 151.404496908
74 0.3 0.3 -1 0.3 0.0736806299728 4.0 0.0 0.42 22.0 left 1 151.437736034 151.861680031 152.273813009 153.064992905
75 0.3 0.3 -1 0.3 0.2 4.0 0.2 0.42 22.0 left 1 153.10975194 153.533689976 153.945884943 154.514210939
76 0.3 0.3 -1 0.3 0.0736806299728 4.0 0.4 0.42 22.0 left 1 154.546494961 154.970392942 155.382532835 156.091269016
77 0.3 0.3 -1 0.3 0.0271441761659 4.0 0.2 0.42 22.0 left 1 156.124514818 156.548406839 156.960606813 157.833947897
78 0.3 0.3 1 0.3 0.0164754897244 4.0 0.6 0.42 90.0 right 1 157.86737299 158.291296005 158.703383923 159.588761806
79 0.3 0.3 -1 0.3 0.0271441761659 4.0 0.2 0.42 90.0 right 0 159.622040987 160.04605794 160.458009958 161.343222857
80 0.3 0.3 -1 0.3 0.01 4.0 0.8 0.42 22.0 left 1 161.376597881 161.800547838 162.212843895 163.121483803
81 0.3 0.3 -1 0.3 0.04472135955 4.0 0.2 0.42 90.0 left 1 163.154883862 163.578735828 163.99097085 164.852519989
82 0.3 0.3 -1 0.3 0.0164754897244 4.0 0.2 0.42 22.0 left 1 164.885900974 165.309808016 165.722080946 166.737375021
83 0.3 0.3 -1 0.3 0.2 4.0 0.6 0.42 90.0 left 1 166.770056963 167.194091797 167.606254816 168.115375996
84 0.3 0.3 -1 0.3 0.01 4.0 0.6 0.42 90.0 left 1 168.147953033 168.571843863 168.984030962 169.963464022
85 0.3 0.3 -1 0.3 0.121392446201 4.0 0.4 0.42 90.0 left 1 169.996748924 170.420734882 170.832939863 171.565138817
86 0.3 0.3 -1 0.3 0.121392446201 4.0 0.6 0.42 22.0 left 1 171.598287821 172.022216797 172.434379816 173.085144997
87 0.3 0.3 1 0.3 0.2 4.0 0.2 0.42 22.0 right 1 173.117373943 173.541301966 173.953528881 174.545272827
88 0.3 0.3 -1 0.3 0.2 4.0 0.4 0.42 22.0 left 1 174.577662945 175.001577854 175.413709879 175.946709871
89 0.3 0.3 -1 0.3 0.04472135955 4.0 0.4 0.42 22.0 left 1 175.979036808 176.402983904 176.81504488 177.641551018
90 0.3 0.3 1 0.3 0.01 4.0 0.6 0.42 90.0 right 1 177.674781799 178.098717928 178.510855913 179.513929844
91 0.3 0.3 -1 0.3 0.2 4.0 0.8 0.42 90.0 left 1 179.547123909 179.971302986 180.383284807 180.92802
92 0.3 0.3 1 0.3 0.01 4.0 0.2 0.42 90.0 left 0 180.960349798 181.384341955 181.796407938 182.740559816
93 0.3 0.3 1 0.3 0.2 4.0 0.0 0.42 90.0 right 1 182.773845911 183.197691917 183.609867811 184.13094902
94 0.3 0.3 -1 0.3 0.121392446201 4.0 0.0 0.42 22.0 left 1 184.163426876 184.587347031 184.999511957 185.650148869
95 0.3 0.3 -1 0.3 0.04472135955 4.0 0.8 0.42 22.0 left 1 185.682459831 186.106455803 186.518606901 187.368721008
96 0.3 0.3 1 0.3 0.0736806299728 4.0 0.6 0.42 90.0 right 1 187.401949883 187.825793028 188.237972021 188.970269918
97 0.3 0.3 1 0.3 0.0164754897244 4.0 0.4 0.42 22.0 left 0 189.003363848 189.427336931 189.839528799 190.571820974
98 0.3 0.3 1 0.3 0.0271441761659 4.0 0.2 0.42 22.0 right 1 190.60490799 191.028877974 191.440984964 192.432404995
99 0.3 0.3 -1 0.3 0.0164754897244 4.0 0.8 0.42 22.0 left 1 192.465692997 192.889438868 193.301729918 194.104543924
100 0.3 0.3 -1 0.3 0.04472135955 4.0 0.2 0.42 22.0 left 1 194.137970924 194.561766863 194.973906994 195.835696936
101 0.3 0.3 1 0.3 0.01 4.0 0.4 0.42 22.0 right 1 195.868893862 196.292833805 196.704955816 197.519644976
102 0.3 0.3 -1 0.3 0.0164754897244 4.0 0.6 0.42 90.0 left 1 197.552820921 197.976789951 198.388945818 199.344754934
103 0.3 0.3 -1 0.3 0.0164754897244 4.0 0.4 0.42 90.0 right 0 199.378098965 199.802220821 200.214269876 200.993405819
104 0.3 0.3 1 0.3 0.0271441761659 4.0 0.4 0.42 22.0 right 1 201.026815891 201.450690031 201.862933874 202.642211914
105 0.3 0.3 -1 0.3 0.01 4.0 0.2 0.42 22.0 left 1 202.67542696 203.099481821 203.511565924 204.408649921
106 0.3 0.3 -1 0.3 0.0736806299728 4.0 0.2 0.42 90.0 left 1 204.441848993 204.865895987 205.278003931 206.092700005
107 0.3 0.3 1 0.3 0.2 4.0 0.8 0.42 22.0 right 1 206.125830889 206.54982686 206.96198082 207.448058844
108 0.3 0.3 -1 0.3 0.121392446201 4.0 0.4 0.42 22.0 left 1 207.480103016 207.904027939 208.31617403 208.943447828
109 0.3 0.3 -1 0.3 0.0271441761659 4.0 0.6 0.42 90.0 right 0 208.975706816 209.399601936 209.81178093 210.473230839
110 0.3 0.3 1 0.3 0.04472135955 4.0 0.8 0.42 22.0 right 1 210.50662899 210.930514812 211.342610836 212.122051001
111 0.3 0.3 -1 0.3 0.121392446201 4.0 0.2 0.42 22.0 left 1 212.155237913 212.579293013 212.991334915 213.618467808
112 0.3 0.3 -1 0.3 0.0271441761659 4.0 0.6 0.42 22.0 right 0 213.650835991 214.074918032 214.486907959 215.325172901
113 0.3 0.3 -1 0.3 0.0164754897244 4.0 0.2 0.42 90.0 right 0 215.358281851 215.782217026 216.194438934 217.05603981
114 0.3 0.3 -1 0.3 0.0164754897244 4.0 0.0 0.42 90.0 left 1 217.089381933 217.513357878 217.925459862 218.834311962
115 0.3 0.3 -1 0.3 0.0736806299728 4.0 0.8 0.42 90.0 left 1 218.867599964 219.291512012 219.703701973 220.495091915
116 0.3 0.3 -1 0.3 0.0271441761659 4.0 0.4 0.42 22.0 left 1 220.539839983 220.96370697 221.376039982 222.543809891
117 0.3 0.3 -1 0.3 0.2 4.0 0.8 0.42 22.0 left 1 222.577150822 223.001032829 223.413187981 224.734272957
118 0.3 0.3 1 0.3 0.04472135955 4.0 0.2 0.42 90.0 right 1 224.767500877 225.191320896 225.603742838 226.983390808
119 0.3 0.3 -1 0.3 0.01 4.0 0.8 0.42 90.0 right 0 227.016674995 227.440649986 227.85293889 229.232630014
120 0.3 0.3 -1 0.3 0.04472135955 4.0 0.0 0.42 90.0 left 1 229.265897989 229.689909935 230.101994991 231.199182034
121 0.3 0.3 1 0.3 0.0736806299728 4.0 0.4 0.42 90.0 right 1 231.232496023 231.656499863 232.068600893 233.165840864
122 0.3 0.3 1 0.3 0.121392446201 4.0 0.4 0.42 22.0 right 1 233.199169874 233.623160839 234.035301924 234.790941954
123 0.3 0.3 -1 0.3 0.121392446201 4.0 0.8 0.42 90.0 left 1 234.824278831 235.248169899 235.66039896 236.392514944
124 0.3 0.3 1 0.3 0.04472135955 4.0 0.0 0.42 22.0 right 1 236.425793886 236.849759817 237.261912823 237.993997812
125 0.3 0.3 -1 0.3 0.0164754897244 4.0 0.4 0.42 22.0 left 1 238.027315855 238.451334953 238.863400936 239.70179081
126 0.3 0.3 1 0.3 0.01 4.0 0.6 0.42 22.0 right 1 239.734869003 240.158890009 240.571097851 241.362214804
127 0.3 0.3 1 0.3 0.04472135955 4.0 0.2 0.42 22.0 right 1 241.395265818 241.81940794 242.231455803 243.128484964
128 0.3 0.3 -1 0.3 0.0271441761659 4.0 0.0 0.42 90.0 left 1 243.161718845 243.585613012 243.997855902 244.871358871
129 0.3 0.3 -1 0.3 0.0736806299728 4.0 0.4 0.42 90.0 left 1 244.904561996 245.328655005 245.740809917 246.578958988
130 0.3 0.3 1 0.3 0.2 4.0 0.6 0.42 22.0 right 1 246.612085819 247.036056995 247.448207855 248.134596825
131 0.3 0.3 1 0.3 0.0164754897244 4.0 0.2 0.42 22.0 right 1 248.178364992 248.602406979 249.014606953 249.840986967
132 0.3 0.3 -1 0.3 0.01 4.0 0.0 0.42 90.0 right 0 249.87408185 250.298025846 250.71023488 251.512988806
133 0.3 0.3 1 0.3 0.0736806299728 4.0 0.6 0.42 22.0 right 1 251.546309948 251.9702878 252.382478952 253.079056978
134 0.3 0.3 1 0.3 0.04472135955 4.0 0.4 0.42 22.0 right 1 253.112509966 253.536605835 253.948621035 254.669476986
135 0.3 0.3 -1 0.3 0.01 4.0 0.4 0.42 22.0 right 0 254.702350855 255.126256943 255.538390875 256.411844015
136 0.3 0.3 -1 0.3 0.121392446201 4.0 0.0 0.42 90.0 left 1 256.445225 256.869127035 257.281203032 257.955816984
137 0.3 0.3 -1 0.3 0.0271441761659 4.0 0.0 0.42 22.0 right 0 257.987891912 258.411826849 258.823990822 259.5324018
138 0.3 0.3 -1 0.3 0.0271441761659 4.0 0.8 0.42 22.0 left 1 259.565855026 259.989840984 260.401954889 261.675755978
139 0.3 0.3 1 0.3 0.2 4.0 0.4 0.42 22.0 right 1 261.709136009 262.133087873 262.545336008 263.325259924
140 0.3 0.3 1 0.3 0.0164754897244 4.0 0.6 0.42 22.0 right 1 263.357712984 263.781666994 264.193984032 265.126322985
141 0.3 0.3 1 0.3 0.121392446201 4.0 0.4 0.42 22.0 right 1 532.559638977 532.983536959 533.395756006 534.292851925
142 0.3 0.3 -1 0.3 0.01 4.0 0.4 0.42 22.0 right 0 534.326062918 534.750030994 535.162133932 536.106326818
143 0.3 0.3 1 0.3 0.0271441761659 4.0 0.8 0.42 22.0 right 1 536.139609814 536.56346488 536.975703001 537.801939011
144 0.3 0.3 -1 0.3 0.2 4.0 0.8 0.42 90.0 left 1 537.835453033 538.259234905 538.671612024 539.369321823
145 0.3 0.3 -1 0.3 0.0736806299728 4.0 0.6 0.42 90.0 left 1 539.401615858 539.825465918 540.237699986 540.981534958
146 0.3 0.3 1 0.3 0.2 4.0 0.0 0.42 90.0 right 1 541.014914989 541.438823938 541.851078033 542.289599895
147 0.3 0.3 1 0.3 0.0736806299728 4.0 0.8 0.42 90.0 right 1 542.322052956 542.746012926 543.158072948 543.925778866
148 0.3 0.3 -1 0.3 0.2 4.0 0.6 0.42 22.0 left 1 543.958974838 544.382870913 544.795079947 545.469300032
149 0.3 0.3 1 0.3 0.0271441761659 4.0 0.0 0.42 90.0 right 1 545.501554012 545.925619841 546.337706804 547.128633976
150 0.3 0.3 1 0.3 0.0736806299728 4.0 0.6 0.42 22.0 right 1 547.161962032 547.586048841 547.998093843 548.777387857
151 0.3 0.3 1 0.3 0.0271441761659 4.0 0.2 0.42 90.0 left 0 548.8106668 549.23466301 549.646785975 550.378938913
152 0.3 0.3 1 0.3 0.0164754897244 4.0 0.0 0.42 22.0 right 1 550.412220001 550.83611393 551.248268843 552.086428881
153 0.3 0.3 -1 0.3 0.2 4.0 0.0 0.42 90.0 left 1 552.119766951 552.543774843 552.955952883 553.571301937
154 0.3 0.3 1 0.3 0.121392446201 4.0 0.0 0.42 22.0 right 1 553.603499889 554.027451992 554.439711809 555.219136953
155 0.3 0.3 -1 0.3 0.0271441761659 4.0 0.6 0.42 90.0 left 1 555.252162933 555.676245928 556.088411808 556.926479816
156 0.3 0.3 1 0.3 0.01 4.0 0.0 0.42 90.0 right 1 556.959913015 557.38359499 557.795954943 558.610462904
157 0.3 0.3 -1 0.3 0.0164754897244 4.0 0.8 0.42 90.0 left 1 558.643703938 559.067687988 559.479746819 560.37684083
158 0.3 0.3 1 0.3 0.0736806299728 4.0 0.2 0.42 22.0 right 1 560.410154819 560.834192991 561.24639082 562.049012899
159 0.3 0.3 1 0.3 0.0271441761659 4.0 0.4 0.42 90.0 right 1 562.082333803 562.506413937 562.918629885 563.744984865
160 0.3 0.3 1 0.3 0.2 4.0 0.6 0.42 90.0 right 1 563.778030872 564.202029943 564.614251852 565.111876965
161 0.3 0.3 -1 0.3 0.0736806299728 4.0 0.2 0.42 90.0 left 1 565.144204855 565.568241835 565.980326891 566.618214846
162 0.3 0.3 -1 0.3 0.121392446201 4.0 0.2 0.42 22.0 left 1 566.651444912 567.075440884 567.487515926 568.219851017
163 0.3 0.3 1 0.3 0.01 4.0 0.0 0.42 22.0 right 1 568.253118992 568.677039862 569.089147806 569.868500948
164 0.3 0.3 -1 0.3 0.0164754897244 4.0 0.6 0.42 90.0 right 0 569.901851892 570.32575798 570.737898827 571.599491835
165 0.3 0.3 -1 0.3 0.0736806299728 4.0 0.0 0.42 90.0 left 1 571.632833004 572.056778908 572.468886852 573.201184034
166 0.3 0.3 -1 0.3 0.04472135955 4.0 0.2 0.42 90.0 left 1 573.234339952 573.65818882 574.07049799 574.767364025
167 0.3 0.3 1 0.3 0.2 4.0 0.4 0.42 90.0 right 1 574.800612926 575.224483967 575.636655807 576.122285843
168 0.3 0.3 -1 0.3 0.0164754897244 4.0 0.6 0.42 22.0 left 1 576.154794931 576.57880497 576.990972996 577.911604881
169 0.3 0.3 -1 0.3 0.01 4.0 0.2 0.42 90.0 left 1 577.944787979 578.368712902 578.780870914 579.689605951
170 0.3 0.3 -1 0.3 0.04472135955 4.0 0.6 0.42 90.0 left 1 579.722985983 580.146901846 580.559122801 581.467942953
171 0.3 0.3 -1 0.3 0.0164754897244 4.0 0.8 0.42 22.0 left 1 581.501108885 581.925171852 582.33722496 583.210906982
172 0.3 0.3 1 0.3 0.04472135955 4.0 0.0 0.42 90.0 right 1 583.244014978 583.667994976 584.080065966 584.835861921
173 0.3 0.3 1 0.3 0.0736806299728 4.0 0.6 0.42 90.0 right 1 584.869156837 585.293056965 585.70517087 586.508000851
174 0.3 0.3 -1 0.3 0.01 4.0 0.6 0.42 90.0 right 0 586.541338921 586.965368986 587.377476931 588.121295929
175 0.3 0.3 1 0.3 0.0164754897244 4.0 0.4 0.42 90.0 right 1 588.154662848 588.578735828 588.990732908 589.770205021
176 0.3 0.3 1 0.3 0.0736806299728 4.0 0.0 0.42 22.0 right 1 589.803290844 590.227226019 590.639451027 591.359710932
177 0.3 0.3 -1 0.3 0.01 4.0 0.4 0.42 90.0 right 0 591.393000841 591.817062855 592.229178905 592.961238861
178 0.3 0.3 -1 0.3 0.04472135955 4.0 0.0 0.42 22.0 left 1 592.994616032 593.4186759 593.830842972 594.586485863
179 0.3 0.3 1 0.3 0.2 4.0 0.8 0.42 90.0 right 1 594.619726896 595.043736935 595.455832005 595.929899931
180 0.3 0.3 -1 0.3 0.121392446201 4.0 0.8 0.42 22.0 left 1 595.962224007 596.386175871 596.798342943 597.401973009
181 0.3 0.3 -1 0.3 0.04472135955 4.0 0.6 0.42 22.0 left 1 597.434388876 597.858256817 598.270404816 599.037832975
182 0.3 0.3 1 0.3 0.2 4.0 0.2 0.42 90.0 right 1 599.071084023 599.494997025 599.907353878 600.392917871
183 0.3 0.3 1 0.3 0.0164754897244 4.0 0.8 0.42 90.0 left 0 600.425335884 600.849387884 601.261420965 601.970140934
184 0.3 0.3 1 0.3 0.2 4.0 0.6 0.42 22.0 right 1 602.003386021 602.427279949 602.83946681 603.360783815
185 0.3 0.3 1 0.3 0.04472135955 4.0 0.6 0.42 90.0 left 0 603.393028021 603.816813946 604.228971004 604.890673876
186 0.3 0.3 -1 0.3 0.0271441761659 4.0 0.0 0.42 90.0 right 0 604.923956871 605.347770929 605.759923935 606.975206852
187 0.3 0.3 -1 0.3 0.0736806299728 4.0 0.4 0.42 22.0 left 1 607.020051956 607.44390893 607.856076002 608.706053019
188 0.3 0.3 -1 0.3 0.01 4.0 0.6 0.42 22.0 right 0 608.739430904 609.163306952 609.575388908 610.425199032
189 0.3 0.3 -1 0.3 0.01 4.0 0.0 0.42 90.0 left 1 610.458703995 610.882575035 611.29478097 612.274233818
190 0.3 0.3 1 0.3 0.0164754897244 4.0 0.6 0.42 22.0 right 1 612.307425022 612.731462955 613.143642902 613.922777891
191 0.3 0.3 1 0.3 0.01 4.0 0.4 0.42 90.0 right 1 613.956130981 614.380084991 614.79230094 615.913012981
192 0.3 0.3 -1 0.3 0.0271441761659 4.0 0.0 0.42 22.0 left 1 615.946312904 616.370151997 616.782353878 617.738413811
193 0.3 0.3 1 0.3 0.01 4.0 0.2 0.42 22.0 left 0 617.771564007 618.195617914 618.60767889 619.763722897
194 0.3 0.3 1 0.3 0.2 4.0 0.0 0.42 22.0 right 1 619.796994925 620.221050978 620.633304834 621.28388381
195 0.3 0.3 -1 0.3 0.04472135955 4.0 0.4 0.42 90.0 left 1 621.316172838 621.740032911 622.152222872 623.049357891
196 0.3 0.3 1 0.3 0.0164754897244 4.0 0.2 0.42 90.0 left 0 623.082680941 623.506587029 623.918783903 624.90992403
197 0.3 0.3 -1 0.3 0.0271441761659 4.0 0.4 0.42 22.0 left 1 624.943217993 625.367169857 625.779304981 626.641011953
198 0.3 0.3 -1 0.3 0.0271441761659 4.0 0.8 0.42 90.0 left 1 626.674438953 627.09838295 627.510382891 628.431130886
199 0.3 0.3 -1 0.3 0.0736806299728 4.0 0.8 0.42 22.0 left 1 628.464184999 628.888191938 629.30039382 630.079826832
200 0.3 0.3 -1 0.3 0.04472135955 4.0 0.0 0.42 90.0 left 1 630.112987995 630.536837816 630.948962927 631.822474957
201 0.3 0.3 1 0.3 0.121392446201 4.0 0.8 0.42 90.0 right 1 631.855749846 632.279657841 632.691912889 633.41234684
202 0.3 0.3 1 0.3 0.0271441761659 4.0 0.4 0.42 22.0 right 1 633.44557786 633.869565964 634.281672001 635.214124918
203 0.3 0.3 -1 0.3 0.01 4.0 0.2 0.42 22.0 right 0 635.24741888 635.671286821 636.083401918 636.980558872
204 0.3 0.3 1 0.3 0.01 4.0 0.8 0.42 22.0 right 1 637.013737917 637.43769002 637.849819899 638.700042963
205 0.3 0.3 1 0.3 0.0164754897244 4.0 0.6 0.42 90.0 right 1 638.732978821 639.157076836 639.569244862 640.536818027
206 0.3 0.3 -1 0.3 0.04472135955 4.0 0.8 0.42 90.0 left 1 640.570137978 640.994076967 641.406287909 642.173801899
207 0.3 0.3 1 0.3 0.0271441761659 4.0 0.8 0.42 90.0 right 1 642.207026958 642.630962849 643.043083906 643.798682928
208 0.3 0.3 -1 0.3 0.2 4.0 0.4 0.42 22.0 left 1 643.832115889 644.255952835 644.668270826 645.377868891
209 0.3 0.3 1 0.3 0.2 4.0 0.4 0.42 22.0 right 1 645.410038948 645.834043026 646.246176958 646.897008896
210 0.3 0.3 1 0.3 0.04472135955 4.0 0.2 0.42 22.0 right 1 646.929242849 647.353323936 647.765489817 648.509199858
211 0.3 0.3 -1 0.3 0.01 4.0 0.8 0.42 22.0 left 1 648.5425179 648.966477871 649.378623962 650.417129993
212 0.3 0.3 1 0.3 0.121392446201 4.0 0.2 0.42 90.0 right 1 650.45036602 650.874135971 651.286384821 651.901543856
213 0.3 0.3 -1 0.3 0.0736806299728 4.0 0.2 0.42 22.0 left 1 651.934069872 652.358007908 652.770154953 653.537546873
214 0.3 0.3 1 0.3 0.01 4.0 0.6 0.42 90.0 right 1 653.570968866 653.994875908 654.40702796 655.221681833
215 0.3 0.3 -1 0.3 0.0164754897244 4.0 0.0 0.42 22.0 left 1 655.25503993 655.678813934 656.091006994 657.058719873
216 0.3 0.3 1 0.3 0.0736806299728 4.0 0.8 0.42 22.0 right 1 657.09197402 657.515915871 657.928023815 658.613095999
217 0.3 0.3 1 0.3 0.121392446201 4.0 0.0 0.42 90.0 right 1 658.646580935 659.070410967 659.482507944 660.238234997
218 0.3 0.3 1 0.3 0.04472135955 4.0 0.4 0.42 90.0 right 1 660.271481991 660.69547081 661.1077528 661.839766979
219 0.3 0.3 1 0.3 0.0271441761659 4.0 0.0 0.42 22.0 right 1 661.87300086 662.296964884 662.709270954 663.464998007
220 0.3 0.3 -1 0.3 0.0736806299728 4.0 0.4 0.42 90.0 left 1 663.498138905 663.922176838 664.334271908 665.16084981
221 0.3 0.3 1 0.3 0.2 4.0 0.8 0.42 22.0 right 1 665.19409585 665.617995977 666.030057907 666.598500013
222 0.3 0.3 1 0.3 0.121392446201 4.0 0.8 0.42 22.0 right 1 666.630651951 667.054562807 667.466696978 668.09402585
223 0.3 0.3 -1 0.3 0.0164754897244 4.0 0.2 0.42 22.0 left 1 668.126200914 668.550136805 668.96229887 669.835871935
224 0.3 0.3 1 0.3 0.01 4.0 0.8 0.42 90.0 right 1 669.869094849 670.292946815 670.705098867 671.614216805
225 0.3 0.3 1 0.3 0.0271441761659 4.0 0.6 0.42 22.0 right 1 671.647326946 672.071175814 672.483327866 673.345086813
226 0.3 0.3 -1 0.3 0.0736806299728 4.0 0.8 0.42 90.0 left 1 673.378341913 673.802254915 674.214425802 675.052665949
227 0.3 0.3 -1 0.3 0.121392446201 4.0 0.4 0.42 90.0 left 1 675.085992813 675.509922028 675.922133923 676.701695919
228 0.3 0.3 -1 0.3 0.04472135955 4.0 0.2 0.42 22.0 left 1 676.746364832 677.17027998 677.582422972 678.350065947
229 0.3 0.3 1 0.3 0.04472135955 4.0 0.6 0.42 22.0 right 1 678.383222818 678.807183981 679.219269991 679.916431904
230 0.3 0.3 -1 0.3 0.01 4.0 0.0 0.42 22.0 left 1 679.949499846 680.373332024 680.78557682 681.647382975
231 0.3 0.3 -1 0.3 0.0164754897244 4.0 0.4 0.42 22.0 right 0 681.680565834 682.104413033 682.51658988 683.296047926
232 0.3 0.3 -1 0.3 0.121392446201 4.0 0.4 0.42 22.0 left 1 683.329233885 683.753161907 684.165217876 684.815876007
233 0.3 0.3 -1 0.3 0.121392446201 4.0 0.0 0.42 22.0 left 1 684.8482759 685.272195816 685.68439889 686.358479023
234 0.3 0.3 -1 0.3 0.0736806299728 4.0 0.0 0.42 22.0 right 0 686.391047955 686.814960957 687.227052927 687.8297019
235 0.3 0.3 1 0.3 0.0164754897244 4.0 0.4 0.42 22.0 right 1 687.862913847 688.286829948 688.699045897 689.572620869
236 0.3 0.3 1 0.3 0.04472135955 4.0 0.4 0.42 22.0 right 1 689.605871916 690.029774904 690.441978931 691.244783878
237 0.3 0.3 1 0.3 0.04472135955 4.0 0.2 0.42 90.0 right 1 691.278203011 691.702027798 692.114073992 692.893450975
238 0.3 0.3 1 0.3 0.121392446201 4.0 0.6 0.42 90.0 right 1 692.926826954 693.350579977 693.762797832 694.425398827
239 0.3 0.3 -1 0.3 0.0271441761659 4.0 0.6 0.42 22.0 left 1 694.457628012 694.881491899 695.293689966 696.120082855
240 0.3 0.3 -1 0.3 0.2 4.0 0.8 0.42 22.0 left 1 696.153262854 696.57723403 696.989451885 697.522233009
241 0.3 0.3 -1 0.3 0.2 4.0 0.6 0.42 90.0 left 1 697.554687977 697.978727818 698.390710831 698.9238379
242 0.3 0.3 -1 0.3 0.121392446201 4.0 0.6 0.42 22.0 left 1 698.955984831 699.380031824 699.792215824 700.407519817
243 0.3 0.3 -1 0.3 0.2 4.0 0.2 0.42 90.0 left 1 700.439836025 700.863880873 701.275949955 701.749866009
244 0.3 0.3 -1 0.3 0.04472135955 4.0 0.8 0.42 22.0 left 1 701.782449007 702.206259966 702.618580818 703.527299881
245 0.3 0.3 1 0.3 0.0736806299728 4.0 0.4 0.42 90.0 right 1 703.5604949 703.984519005 704.396674871 705.117215872
246 0.3 0.3 -1 0.3 0.0164754897244 4.0 0.0 0.42 90.0 right 0 705.16205287 705.58603096 705.998179913 706.777408838
247 0.3 0.3 -1 0.3 0.0164754897244 4.0 0.2 0.42 90.0 right 0 706.810704947 707.234671831 707.646844864 708.473213911
248 0.3 0.3 -1 0.3 0.121392446201 4.0 0.0 0.42 90.0 left 1 708.506382942 708.930351973 709.342521906 709.993250847
249 0.3 0.3 -1 0.3 0.2 4.0 0.0 0.42 22.0 left 1 710.025694847 710.449507952 710.861722946 711.394661903
250 0.3 0.3 -1 0.3 0.2 4.0 0.4 0.42 90.0 left 1 711.426872015 711.850934982 712.263099909 712.819531918
251 0.3 0.3 -1 0.3 0.2 4.0 0.2 0.42 22.0 left 1 712.852020979 713.275918961 713.687932968 714.197608948
252 0.3 0.3 1 0.3 0.0164754897244 4.0 0.2 0.42 22.0 right 1 714.229593992 714.653553009 715.065707922 715.844950914
253 0.3 0.3 1 0.3 0.0164754897244 4.0 0.8 0.42 22.0 left 0 715.878324986 716.302157879 716.71441102 717.623555899
254 0.3 0.3 -1 0.3 0.01 4.0 0.8 0.42 90.0 right 0 717.656497955 718.080490828 718.49258399 719.885108948
255 0.3 0.3 -1 0.3 0.0736806299728 4.0 0.6 0.42 22.0 left 1 719.929212809 720.353183031 720.765362978 721.556641817
256 0.3 0.3 1 0.3 0.01 4.0 0.2 0.42 90.0 right 1 721.601470947 722.025432825 722.437654972 723.287679911
257 0.3 0.3 -1 0.3 0.04472135955 4.0 0.4 0.42 22.0 left 1 723.320763826 723.744926929 724.15694499 725.006923914
258 0.3 0.3 1 0.3 0.0164754897244 4.0 0.0 0.42 90.0 left 0 725.0401299 725.464020967 725.876165867 726.655500889
259 0.3 0.3 1 0.3 0.0736806299728 4.0 0.4 0.42 22.0 left 0 726.688683033 727.112692833 727.524917841 728.245273829
260 0.3 0.3 -1 0.3 0.0164754897244 4.0 0.4 0.42 90.0 right 0 728.278693914 728.702593803 729.114674807 730.082382917
261 0.3 0.3 1 0.3 0.01 4.0 0.4 0.42 22.0 right 1 730.11555481 730.539696932 730.951857805 731.87232399
262 0.3 0.3 -1 0.3 0.121392446201 4.0 0.6 0.42 90.0 left 1 731.905601025 732.329541922 732.741603851 733.403996944
263 0.3 0.3 -1 0.3 0.0271441761659 4.0 0.8 0.42 22.0 right 0 733.436540842 733.860505819 734.272543907 735.00482583
264 0.3 0.3 -1 0.3 0.0271441761659 4.0 0.2 0.42 90.0 left 1 735.038196802 735.461959839 735.87410903 736.818285942
265 0.3 0.3 1 0.3 0.2 4.0 0.2 0.42 22.0 right 1 736.851486921 737.275471926 737.687635899 738.291383028
266 0.3 0.3 1 0.3 0.0736806299728 4.0 0.2 0.42 90.0 right 1 738.32354784 738.747454882 739.159765005 740.115605831
267 0.3 0.3 1 0.3 0.121392446201 4.0 0.6 0.42 22.0 right 1 740.148860931 740.572819948 740.984992981 741.612102985
268 0.3 0.3 1 0.3 0.121392446201 4.0 0.2 0.42 22.0 right 1 741.644605875 742.068524837 742.480654955 743.084451914
269 0.3 0.3 1 0.3 0.04472135955 4.0 0.0 0.42 22.0 right 1 743.116405964 743.540352821 743.952483892 744.64942193
270 0.3 0.3 1 0.3 0.0271441761659 4.0 0.6 0.42 90.0 left 0 744.682653904 745.106617928 745.518684864 746.580612898
271 0.3 0.3 1 0.3 0.04472135955 4.0 0.8 0.42 22.0 right 1 746.613880873 747.037858009 747.449970961 748.158562899
272 0.3 0.3 -1 0.3 0.0271441761659 4.0 0.2 0.42 22.0 right 0 748.191978931 748.615885973 749.028053999 749.760318995
273 0.3 0.3 1 0.3 0.0736806299728 4.0 0.0 0.42 90.0 right 1 749.793537855 750.217576027 750.629652023 751.209690809
274 0.3 0.3 1 0.3 0.121392446201 4.0 0.4 0.42 90.0 right 1 751.242012978 751.665849924 752.078018904 752.904517889
275 0.3 0.3 -1 0.3 0.0271441761659 4.0 0.4 0.42 90.0 right 0 752.937780857 753.361724854 753.773787022 754.764943838
276 0.3 0.3 -1 0.3 0.121392446201 4.0 0.2 0.42 90.0 left 1 754.798400879 755.222323895 755.634526014 757.108443975
277 0.3 0.3 -1 0.3 0.121392446201 4.0 0.8 0.42 90.0 left 1 757.14178586 757.565675974 757.977885962 758.733738899
278 0.3 0.3 1 0.3 0.04472135955 4.0 0.8 0.42 90.0 right 1 758.766824961 759.190783978 759.603091955 760.323493958
279 0.3 0.3 1 0.3 0.0271441761659 4.0 0.2 0.42 22.0 right 1 760.356746912 760.780587912 761.192763805 761.948480844
280 0.3 0.3 1 0.3 0.01 4.0 0.6 0.42 22.0 right 1 761.981815815 762.405874968 762.817773819 763.573587894
