trial durationPreFixation durationFixation direction durationGrating duration speed phaseIni contrast size response correct time_onset time_fixation time_stimulus time_response
1 0.3 0.3 -1 0.3 0.0271441761659 4.0 0.8 0.42 22.0 left 1 30.9414870739 31.3647792339 31.7768530846 32.8794050217
2 0.3 0.3 -1 0.3 0.0164754897244 4.0 0.8 0.42 22.0 right 0 32.9073371887 33.3312551975 33.7433822155 34.7464120388
3 0.3 0.3 1 0.3 0.0164754897244 4.0 0.6 0.42 90.0 left 0 34.7798321247 35.2037141323 35.6159720421 36.6777591705
4 0.3 0.3 -1 0.3 0.0271441761659 4.0 0.2 0.42 90.0 right 0 36.7109951973 37.1350581646 37.5470941067 38.5265460014
5 0.3 0.3 -1 0.3 0.2 4.0 0.2 0.42 22.0 left 1 38.5599331856 38.983754158 39.3960151672 40.3873472214
6 0.3 0.3 1 0.3 0.0736806299728 4.0 0.0 0.42 90.0 right 1 40.4205451012 40.8444452286 41.2566452026 42.2125542164
7 0.3 0.3 -1 0.3 0.121392446201 4.0 0.8 0.42 90.0 left 1 42.2458400726 42.6698360443 43.0819840431 44.2502200603
8 0.3 0.3 -1 0.3 0.0271441761659 4.0 0.0 0.42 90.0 left 1 44.2831861973 44.7070410252 45.1192932129 46.2283730507
9 0.3 0.3 1 0.3 0.04472135955 4.0 0.4 0.42 90.0 right 1 46.2614250183 46.6853590012 47.0976681709 48.1950321198
10 0.3 0.3 1 0.3 0.0164754897244 4.0 0.4 0.42 22.0 right 1 48.2281110287 48.6520171165 49.0641782284 50.1613440514
11 0.3 0.3 1 0.3 0.2 4.0 0.0 0.42 90.0 right 1 50.1947491169 50.6186480522 51.0308811665 52.422421217
12 0.3 0.3 -1 0.3 0.0164754897244 4.0 0.6 0.42 90.0 left 1 52.4556930065 52.879679203 53.29195714 54.35374403
13 0.3 0.3 1 0.3 0.0736806299728 4.0 0.2 0.42 90.0 right 1 54.3870520592 54.8109872341 55.2231810093 56.2379732132
14 0.3 0.3 -1 0.3 0.0736806299728 4.0 0.8 0.42 90.0 left 1 56.2711901665 56.6951270103 57.1073300838 58.1220541
15 0.3 0.3 -1 0.3 0.04472135955 4.0 0.6 0.42 90.0 right 0 58.1553530693 58.5792660713 58.9915292263 59.9007592201
16 0.3 0.3 -1 0.3 0.04472135955 4.0 0.4 0.42 22.0 left 1 59.9453530312 60.3692750931 60.7814311981 61.7493982315
17 0.3 0.3 1 0.3 0.0736806299728 4.0 0.2 0.42 22.0 right 1 61.7942042351 62.2182052135 62.6302671432 63.645471096
18 0.3 0.3 1 0.3 0.01 4.0 0.6 0.42 22.0 left 0 63.6784300804 64.1024022102 64.5144541264 65.5174791813
19 0.3 0.3 -1 0.3 0.04472135955 4.0 0.0 0.42 90.0 left 1 65.5507800579 65.9746720791 66.3869380951 67.5783622265
20 0.3 0.3 1 0.3 0.2 4.0 0.8 0.42 90.0 right 1 67.611672163 68.0356121063 68.447728157 69.3806052208
21 0.3 0.3 1 0.3 0.0271441761659 4.0 0.2 0.42 90.0 left 0 69.4133291245 69.8373241425 70.2495071888 71.3349621296
22 0.3 0.3 1 0.3 0.121392446201 4.0 0.0 0.42 22.0 right 1 71.3682281971 71.792165041 72.2043030262 73.1369581223
23 0.3 0.3 -1 0.3 0.0736806299728 4.0 0.0 0.42 90.0 left 1 73.1700282097 73.594037056 74.0060780048 75.186011076
24 0.3 0.3 1 0.3 0.0271441761659 4.0 0.2 0.42 22.0 right 1 75.2190690041 75.6430130005 76.0551221371 77.0470812321
25 0.3 0.3 1 0.3 0.04472135955 4.0 0.2 0.42 22.0 right 1 77.0796771049 77.5036561489 77.9158000946 78.9307901859
26 0.3 0.3 1 0.3 0.121392446201 4.0 0.0 0.42 90.0 right 1 78.963917017 79.3879241943 79.8001170158 80.9560601711
27 0.3 0.3 -1 0.3 0.0271441761659 4.0 0.4 0.42 90.0 left 1 80.9894092083 81.4132630825 81.8256142139 82.7932851315
28 0.3 0.3 -1 0.3 0.0271441761659 4.0 0.6 0.42 22.0 left 1 82.8264231682 83.2503740788 83.6626651287 84.6301472187
29 0.3 0.3 -1 0.3 0.2 4.0 0.4 0.42 22.0 left 1 84.6635181904 85.0874660015 85.4995892048 86.8326601982
30 0.3 0.3 -1 0.3 0.01 4.0 0.2 0.42 90.0 right 0 86.865748167 87.2896921635 87.7017052174 88.7638862133
31 0.3 0.3 -1 0.3 0.121392446201 4.0 0.8 0.42 22.0 left 1 88.7969031334 89.2208511829 89.632994175 90.6715490818
32 0.3 0.3 -1 0.3 0.0271441761659 4.0 0.6 0.42 90.0 left 1 90.7048220634 91.1286950111 91.5409090519 92.8382821083
33 0.3 0.3 1 0.3 0.0736806299728 4.0 0.4 0.42 90.0 right 1 92.8715240955 93.2953660488 93.7075510025 94.6872801781
34 0.3 0.3 -1 0.3 0.0164754897244 4.0 0.4 0.42 90.0 left 1 94.7203481197 95.1443221569 95.5564661026 96.7006452084
35 0.3 0.3 1 0.3 0.2 4.0 0.6 0.42 22.0 right 1 96.7340152264 97.1580741405 97.5701441765 98.8206272125
36 0.3 0.3 1 0.3 0.0164754897244 4.0 0.8 0.42 90.0 left 0 98.8537490368 99.2777581215 99.6899302006 100.79916501
37 0.3 0.3 1 0.3 0.0164754897244 4.0 0.2 0.42 22.0 right 1 100.832171202 101.256106138 101.668398142 102.718243122
38 0.3 0.3 1 0.3 0.121392446201 4.0 0.6 0.42 90.0 right 1 102.751802206 103.175630093 103.587765217 104.72044301
39 0.3 0.3 -1 0.3 0.0736806299728 4.0 0.2 0.42 90.0 left 1 104.753664017 105.177595139 105.589715004 106.546144009
40 0.3 0.3 -1 0.3 0.01 4.0 0.6 0.42 22.0 right 0 106.578864098 107.002916098 107.415087223 108.406407118
41 0.3 0.3 1 0.3 0.01 4.0 0.4 0.42 90.0 left 0 108.439489126 108.863530159 109.275687218 110.396256208
42 0.3 0.3 1 0.3 0.0271441761659 4.0 0.8 0.42 90.0 right 1 110.42980504 110.853726149 111.26594615 112.375191212
43 0.3 0.3 -1 0.3 0.2 4.0 0.6 0.42 90.0 left 1 112.408128023 112.832077026 113.244194031 114.412151098
44 0.3 0.3 1 0.3 0.01 4.0 0.8 0.42 90.0 right 1 114.445379019 114.869311094 115.281564236 116.237346172
45 0.3 0.3 -1 0.3 0.121392446201 4.0 0.0 0.42 90.0 left 1 116.270704031 116.694638014 117.106773138 118.180406094
46 0.3 0.3 -1 0.3 0.2 4.0 0.0 0.42 22.0 left 1 118.213851213 118.637848139 119.049978018 120.1708951
47 0.3 0.3 1 0.3 0.2 4.0 0.8 0.42 22.0 right 1 120.203879118 120.627885103 121.040061235 121.937495232
48 0.3 0.3 -1 0.3 0.2 4.0 0.8 0.42 22.0 left 1 121.97045517 122.394319057 122.806482077 123.727109194
49 0.3 0.3 1 0.3 0.01 4.0 0.2 0.42 22.0 right 1 123.760311127 124.184342146 124.596503019 125.64655304
50 0.3 0.3 -1 0.3 0.01 4.0 0.0 0.42 22.0 left 1 125.679935217 126.103789091 126.515902042 127.413277149
51 0.3 0.3 -1 0.3 0.01 4.0 0.8 0.42 90.0 right 0 127.446215153 127.870182037 128.282395124 129.214661121
52 0.3 0.3 -1 0.3 0.121392446201 4.0 0.4 0.42 90.0 left 1 129.248027086 129.671945095 130.084119081 131.204922199
53 0.3 0.3 -1 0.3 0.0736806299728 4.0 0.6 0.42 90.0 left 1 131.238187075 131.662228107 132.074314117 133.053857088
54 0.3 0.3 -1 0.3 0.01 4.0 0.2 0.42 22.0 right 0 133.087019205 133.51100421 133.923152208 135.079358101
55 0.3 0.3 1 0.3 0.0736806299728 4.0 0.0 0.42 22.0 right 1 135.112637043 135.53652215 135.948685169 136.916391134
56 0.3 0.3 1 0.3 0.01 4.0 0.0 0.42 22.0 left 0 136.949745178 137.373620033 137.785840034 138.729784012
57 0.3 0.3 1 0.3 0.04472135955 4.0 0.0 0.42 90.0 right 1 138.763159037 139.187112093 139.599267006 140.591078043
58 0.3 0.3 -1 0.3 0.121392446201 4.0 0.2 0.42 22.0 left 1 140.623846054 141.047732115 141.45988512 142.403914213
59 0.3 0.3 -1 0.3 0.01 4.0 0.0 0.42 90.0 left 1 142.437343121 142.86119318 143.273425102 144.394053221
60 0.3 0.3 -1 0.3 0.04472135955 4.0 0.8 0.42 90.0 left 1 144.427396059 144.851432085 145.263525009 146.231238127
61 0.3 0.3 1 0.3 0.0271441761659 4.0 0.0 0.42 90.0 left 0 146.264546156 146.68849802 147.100659132 148.162798166
62 0.3 0.3 -1 0.3 0.04472135955 4.0 0.0 0.42 22.0 left 1 148.195842028 148.619904041 149.031915188 150.117466211
63 0.3 0.3 -1 0.3 0.121392446201 4.0 0.0 0.42 22.0 left 1 150.150658131 150.574592113 150.986767054 152.178141117
64 0.3 0.3 1 0.3 0.2 4.0 0.2 0.42 90.0 right 1 152.211611032 152.635399103 153.047563076 154.003537178
65 0.3 0.3 1 0.3 0.0164754897244 4.0 0.8 0.42 22.0 left 0 154.036827087 154.460758209 154.872855186 155.92337203
66 0.3 0.3 1 0.3 0.0271441761659 4.0 0.0 0.42 22.0 right 1 155.968084097 156.392075062 156.804177046 157.783651114
67 0.3 0.3 -1 0.3 0.121392446201 4.0 0.4 0.42 22.0 left 1 157.816901207 158.240970135 158.653113127 159.561899185
68 0.3 0.3 1 0.3 0.2 4.0 0.6 0.42 90.0 right 1 159.595168114 160.019151211 160.431254148 161.434297085
69 0.3 0.3 1 0.3 0.0736806299728 4.0 0.8 0.42 22.0 right 1 161.467511177 161.891561031 162.303717136 163.341984034
70 0.3 0.3 -1 0.3 0.0164754897244 4.0 0.4 0.42 22.0 left 1 163.375370026 163.799201012 164.211559057 165.426305056
71 0.3 0.3 1 0.3 0.04472135955 4.0 0.2 0.42 90.0 right 1 165.459733009 165.883725166 166.295865059 167.251896143
72 0.3 0.3 -1 0.3 0.0736806299728 4.0 0.4 0.42 22.0 left 1 167.284947157 167.708942175 168.121186018 169.053466082
73 0.3 0.3 -1 0.3 0.0736806299728 4.0 0.0 0.42 22.0 left 1 169.086706161 169.510786057 169.922951221 170.843316078
74 0.3 0.3 -1 0.3 0.121392446201 4.0 0.6 0.42 22.0 left 1 170.876634121 171.300633192 171.712761164 172.668702126
75 0.3 0.3 1 0.3 0.04472135955 4.0 0.8 0.42 22.0 right 1 172.701957226 173.125962019 173.538143158 174.400154114
76 0.3 0.3 1 0.3 0.01 4.0 0.0 0.42 90.0 left 0 174.433054209 174.857130051 175.269223213 176.213413
77 0.3 0.3 1 0.3 0.04472135955 4.0 0.6 0.42 90.0 right 1 176.246650219 176.670525074 177.082734108 178.192048073
78 0.3 0.3 1 0.3 0.0271441761659 4.0 0.8 0.42 22.0 right 1 178.225092173 178.648966074 179.061196089 180.064227104
79 0.3 0.3 -1 0.3 0.01 4.0 0.4 0.42 22.0 left 1 180.097583055 180.521380186 180.93355608 182.078025103
80 0.3 0.3 -1 0.3 0.0271441761659 4.0 0.8 0.42 90.0 right 0 182.111222029 182.535127163 182.947400093 184.056235075
81 0.3 0.3 1 0.3 0.01 4.0 0.6 0.42 90.0 right 1 184.089523077 184.513467073 184.925652027 186.022855043
82 0.3 0.3 -1 0.3 0.0164754897244 4.0 0.6 0.42 22.0 right 0 186.056178093 186.48016715 186.892325163 187.883497
83 0.3 0.3 -1 0.3 0.121392446201 4.0 0.2 0.42 90.0 left 1 187.91674304 188.340695143 188.752895117 189.779541016
84 0.3 0.3 1 0.3 0.2 4.0 0.4 0.42 22.0 right 1 189.812758207 190.23665905 190.648779154 191.510684013
85 0.3 0.3 1 0.3 0.0736806299728 4.0 0.8 0.42 90.0 left 0 191.543906212 191.967816114 192.380020142 193.324041128
86 0.3 0.3 -1 0.3 0.2 4.0 0.2 0.42 90.0 left 1 193.357445002 193.781321049 194.193450212 195.208343029
87 0.3 0.3 -1 0.3 0.01 4.0 0.8 0.42 22.0 right 0 195.241502047 195.665598154 196.077728033 197.010129213
88 0.3 0.3 1 0.3 0.121392446201 4.0 0.4 0.42 90.0 right 1 197.043296099 197.467239141 197.879473209 199.118099213
89 0.3 0.3 1 0.3 0.04472135955 4.0 0.4 0.42 22.0 right 1 199.151297092 199.575335026 199.987298012 200.83745122
90 0.3 0.3 -1 0.3 0.0271441761659 4.0 0.4 0.42 22.0 left 1 200.870565176 201.294509172 201.706618071 202.603908062
91 0.3 0.3 1 0.3 0.0164754897244 4.0 0.0 0.42 90.0 right 1 202.636947155 203.060898066 203.473190069 204.523169041
92 0.3 0.3 -1 0.3 0.2 4.0 0.4 0.42 90.0 left 1 204.556572199 204.980390072 205.392596006 206.47817421
93 0.3 0.3 -1 0.3 0.0164754897244 4.0 0.8 0.42 90.0 right 0 206.511364222 206.935223103 207.347398043 208.350925207
94 0.3 0.3 -1 0.3 0.0736806299728 4.0 0.6 0.42 22.0 left 1 208.383882999 208.807613134 209.219878197 210.128541231
95 0.3 0.3 1 0.3 0.0736806299728 4.0 0.6 0.42 22.0 right 1 210.161872149 210.585940123 210.998027086 211.906861067
96 0.3 0.3 1 0.3 0.2 4.0 0.4 0.42 90.0 right 1 211.940117121 212.364086151 212.776260138 213.920777082
97 0.3 0.3 1 0.3 0.0271441761659 4.0 0.4 0.42 22.0 right 1 213.953898191 214.377880096 214.789994001 215.710816145
98 0.3 0.3 -1 0.3 0.0271441761659 4.0 0.2 0.42 22.0 left 1 215.743788004 216.167727232 216.580069065 217.477073193
99 0.3 0.3 -1 0.3 0.0164754897244 4.0 0.2 0.42 90.0 right 0 217.510244131 217.934218168 218.346344233 219.290394068
100 0.3 0.3 -1 0.3 0.0271441761659 4.0 0.0 0.42 22.0 left 1 219.323876143 219.747780085 220.159915209 221.139287233
101 0.3 0.3 -1 0.3 0.0164754897244 4.0 0.2 0.42 22.0 right 0 221.172792196 221.596702099 222.008704185 222.835038185
102 0.3 0.3 -1 0.3 0.01 4.0 0.4 0.42 90.0 left 1 222.868365049 223.292341232 223.704525232 224.954651117
103 0.3 0.3 1 0.3 0.2 4.0 0.0 0.42 22.0 right 1 224.988073111 225.412041187 225.824241161 226.89794302
104 0.3 0.3 1 0.3 0.04472135955 4.0 0.8 0.42 90.0 left 0 226.931215048 227.355199099 227.767358065 228.629110098
105 0.3 0.3 1 0.3 0.04472135955 4.0 0.6 0.42 22.0 right 1 228.662261009 229.086216211 229.498311043 230.277548075
106 0.3 0.3 1 0.3 0.2 4.0 0.2 0.42 22.0 right 1 230.310902119 230.734915018 231.147132158 232.021187067
107 0.3 0.3 -1 0.3 0.01 4.0 0.6 0.42 90.0 right 0 232.053845167 232.477941036 232.889886141 234.482000113
108 0.3 0.3 -1 0.3 0.04472135955 4.0 0.4 0.42 90.0 left 1 234.526856184 234.95087409 235.36295414 236.189296007
109 0.3 0.3 -1 0.3 0.0164754897244 4.0 0.0 0.42 90.0 left 1 236.222527027 236.646545172 237.058681011 237.955714226
110 0.3 0.3 1 0.3 0.0164754897244 4.0 0.2 0.42 90.0 left 0 237.989129066 238.412874222 238.825237036 239.957634211
111 0.3 0.3 -1 0.3 0.04472135955 4.0 0.2 0.42 90.0 left 1 239.991008043 240.414881229 240.827135086 241.865690231
112 0.3 0.3 1 0.3 0.0271441761659 4.0 0.4 0.42 90.0 left 0 241.910392046 242.334613085 242.746599197 243.808350086
113 0.3 0.3 1 0.3 0.0164754897244 4.0 0.0 0.42 22.0 right 1 243.841712236 244.265621185 244.677852154 246.363827229
114 0.3 0.3 1 0.3 0.0736806299728 4.0 0.4 0.42 22.0 right 1 246.397309065 246.821123123 247.233289003 248.094961166
115 0.3 0.3 1 0.3 0.0736806299728 4.0 0.6 0.42 90.0 right 1 248.128270149 248.552122116 248.964376211 249.896824121
116 0.3 0.3 -1 0.3 0.0736806299728 4.0 0.2 0.42 22.0 left 1 249.930154085 250.354095221 250.766171217 251.651246071
117 0.3 0.3 1 0.3 0.121392446201 4.0 0.2 0.42 90.0 right 1 251.684611082 252.108569145 252.520858049 253.347042084
118 0.3 0.3 -1 0.3 0.121392446201 4.0 0.6 0.42 90.0 left 1 253.380396128 253.804371119 254.216530085 255.042876005
119 0.3 0.3 1 0.3 0.0271441761659 4.0 0.6 0.42 90.0 right 1 255.07617712 255.500218153 255.912316084 256.821240187
120 0.3 0.3 1 0.3 0.01 4.0 0.4 0.42 22.0 left 0 256.85434413 257.278486013 257.690401077 258.999782085
121 0.3 0.3 -1 0.3 0.0736806299728 4.0 0.4 0.42 90.0 left 1 259.032977104 259.456884146 259.869028091 260.801286221
122 0.3 0.3 1 0.3 0.04472135955 4.0 0.0 0.42 22.0 right 1 260.834713221 261.25864315 261.670833111 262.603128195
123 0.3 0.3 1 0.3 0.121392446201 4.0 0.4 0.42 22.0 right 1 262.636403084 263.060394049 263.472568035 264.557991028
124 0.3 0.3 1 0.3 0.121392446201 4.0 0.8 0.42 22.0 right 1 264.591319084 265.01525116 265.427349091 266.418452024
125 0.3 0.3 -1 0.3 0.2 4.0 0.8 0.42 90.0 left 1 266.451992035 266.875815153 267.288020134 268.467561007
126 0.3 0.3 -1 0.3 0.2 4.0 0.0 0.42 90.0 left 1 268.500904083 268.924921036 269.3370471 270.611022234
127 0.3 0.3 -1 0.3 0.2 4.0 0.6 0.42 22.0 left 1 270.644218206 271.068303108 271.480345011 272.49557209
128 0.3 0.3 -1 0.3 0.04472135955 4.0 0.2 0.42 22.0 left 1 272.528375149 272.952421188 273.364481211 274.44989419
129 0.3 0.3 1 0.3 0.0164754897244 4.0 0.4 0.42 90.0 right 1 274.483345032 274.907249212 275.319420099 276.617217064
130 0.3 0.3 -1 0.3 0.0736806299728 4.0 0.8 0.42 22.0 left 1 276.661852121 277.085730076 277.497955084 278.48925519
131 0.3 0.3 1 0.3 0.0164754897244 4.0 0.6 0.42 22.0 right 1 278.522547007 278.946471214 279.358501196 280.385354042
132 0.3 0.3 -1 0.3 0.04472135955 4.0 0.8 0.42 22.0 left 1 280.43021822 280.854088068 281.266307116 282.21046114
133 0.3 0.3 1 0.3 0.121392446201 4.0 0.6 0.42 22.0 right 1 282.243753195 282.667599201 283.079868078 284.16525507
134 0.3 0.3 1 0.3 0.0271441761659 4.0 0.6 0.42 22.0 right 1 284.198630095 284.622679234 285.034790039 286.084906101
135 0.3 0.3 1 0.3 0.121392446201 4.0 0.8 0.42 90.0 right 1 286.118140221 286.542033195 286.954186201 287.957129002
136 0.3 0.3 1 0.3 0.01 4.0 0.2 0.42 90.0 right 1 287.990463018 288.41449213 288.82657218 290.241677046
137 0.3 0.3 -1 0.3 0.04472135955 4.0 0.6 0.42 22.0 left 1 290.275050163 290.69900012 291.111138105 292.043526173
138 0.3 0.3 1 0.3 0.01 4.0 0.8 0.42 22.0 left 0 292.076823235 292.500778198 292.91287303 294.210277081
139 0.3 0.3 1 0.3 0.121392446201 4.0 0.2 0.42 22.0 right 1 294.243559122 294.667583227 295.079663038 296.165167093
140 0.3 0.3 -1 0.3 0.0164754897244 4.0 0.0 0.42 22.0 left 1 296.198431015 296.622419119 297.03461504 297.990591049
141 0.3 0.3 1 0.3 0.0736806299728 4.0 0.8 0.42 22.0 right 1 300.013999224 300.437930107 300.850194216 301.664776087
142 0.3 0.3 -1 0.3 0.0164754897244 4.0 0.4 0.42 90.0 right 0 301.709742069 302.133749008 302.545881033 303.737237215
143 0.3 0.3 1 0.3 0.2 4.0 0.4 0.42 90.0 right 1 303.770669222 304.194496155 304.606721163 305.281019211
144 0.3 0.3 1 0.3 0.0164754897244 4.0 0.0 0.42 22.0 right 1 305.313156128 305.737102032 306.149261236 307.211338043
145 0.3 0.3 -1 0.3 0.04472135955 4.0 0.4 0.42 90.0 left 1 307.24460721 307.668457031 308.080617189 309.048649073
146 0.3 0.3 -1 0.3 0.04472135955 4.0 0.2 0.42 22.0 left 1 309.093393087 309.517353058 309.929490089 311.109241009
147 0.3 0.3 -1 0.3 0.04472135955 4.0 0.8 0.42 90.0 left 1 311.142450094 311.566448212 311.97846508 312.946390152
148 0.3 0.3 1 0.3 0.0164754897244 4.0 0.8 0.42 90.0 left 0 312.979512215 313.403461218 313.815517187 314.783318043
149 0.3 0.3 -1 0.3 0.04472135955 4.0 0.0 0.42 90.0 left 1 314.816528082 315.240570068 315.652758121 316.667597055
150 0.3 0.3 -1 0.3 0.2 4.0 0.2 0.42 22.0 left 1 316.700684071 317.124796152 317.536930084 318.433664083
151 0.3 0.3 -1 0.3 0.04472135955 4.0 0.6 0.42 22.0 left 1 318.467138052 318.891195059 319.303420067 320.164978027
152 0.3 0.3 1 0.3 0.0736806299728 4.0 0.0 0.42 22.0 right 1 320.198276043 320.622208118 321.034468174 321.860796213
153 0.3 0.3 1 0.3 0.01 4.0 0.8 0.42 90.0 left 0 321.893982172 322.317927122 322.730073214 323.721261024
154 0.3 0.3 1 0.3 0.2 4.0 0.6 0.42 90.0 right 1 323.754663229 324.178578138 324.590720177 325.605412006
155 0.3 0.3 -1 0.3 0.04472135955 4.0 0.4 0.42 22.0 left 1 325.638747215 326.062740088 326.474951029 327.324781179
156 0.3 0.3 1 0.3 0.0736806299728 4.0 0.2 0.42 22.0 right 1 327.35819006 327.782221079 328.19442606 328.961742163
157 0.3 0.3 1 0.3 0.04472135955 4.0 0.0 0.42 90.0 right 1 328.995033026 329.419076204 329.831154108 330.716349125
158 0.3 0.3 1 0.3 0.0736806299728 4.0 0.8 0.42 90.0 right 1 330.749613047 331.173642159 331.585706234 332.529931068
159 0.3 0.3 -1 0.3 0.0164754897244 4.0 0.2 0.42 22.0 right 0 332.56311512 332.987172127 333.399390221 334.237317085
160 0.3 0.3 -1 0.3 0.0271441761659 4.0 0.6 0.42 22.0 left 1 334.270763159 334.694728136 335.106827021 335.992084026
161 0.3 0.3 -1 0.3 0.0164754897244 4.0 0.8 0.42 22.0 right 0 336.025510073 336.449364185 336.861525059 337.876374006
162 0.3 0.3 -1 0.3 0.0736806299728 4.0 0.8 0.42 22.0 left 1 337.909548044 338.333577156 338.74567318 339.631176233
163 0.3 0.3 -1 0.3 0.01 4.0 0.2 0.42 22.0 right 0 339.664215088 340.088156223 340.500258207 341.515275002
164 0.3 0.3 1 0.3 0.01 4.0 0.4 0.42 22.0 right 1 341.548465014 341.972421169 342.384534121 343.411091089
165 0.3 0.3 1 0.3 0.01 4.0 0.0 0.42 22.0 right 1 343.444359064 343.868248224 344.280435085 345.389442205
166 0.3 0.3 -1 0.3 0.0736806299728 4.0 0.6 0.42 90.0 left 1 345.422791004 345.846594095 346.258890152 347.27367115
167 0.3 0.3 1 0.3 0.0164754897244 4.0 0.2 0.42 90.0 right 1 347.307095051 347.730886221 348.143191099 648.966349125
168 0.3 0.3 1 0.3 0.01 4.0 0.0 0.42 90.0 right 1 648.999836206 649.423834085 649.835888147 650.945092201
169 0.3 0.3 -1 0.3 0.01 4.0 0.4 0.42 22.0 right 0 650.978198051 651.402195215 651.814200163 652.853007078
170 0.3 0.3 1 0.3 0.121392446201 4.0 0.2 0.42 22.0 right 1 652.885929108 653.309788227 653.722093105 654.972291231
171 0.3 0.3 1 0.3 0.121392446201 4.0 0.4 0.42 90.0 right 1 655.005702019 655.429554224 655.841690063 656.950635195
172 0.3 0.3 -1 0.3 0.2 4.0 0.6 0.42 90.0 left 1 656.983956099 657.407867193 657.820019007 658.705385208
173 0.3 0.3 1 0.3 0.2 4.0 0.6 0.42 22.0 right 1 658.738761187 659.16250515 659.574842215 660.483349085
174 0.3 0.3 1 0.3 0.2 4.0 0.2 0.42 90.0 right 1 660.516843081 660.940854073 661.352915049 662.308858156
175 0.3 0.3 -1 0.3 0.01 4.0 0.0 0.42 90.0 right 0 662.342078209 662.766094208 663.178205013 664.063536167
176 0.3 0.3 -1 0.3 0.0736806299728 4.0 0.0 0.42 22.0 left 1 664.096809149 664.52080512 664.932914019 665.841620207
177 0.3 0.3 -1 0.3 0.0271441761659 4.0 0.0 0.42 90.0 left 1 665.874985218 666.298857212 666.711170197 667.655167103
178 0.3 0.3 -1 0.3 0.0736806299728 4.0 0.4 0.42 22.0 left 1 667.688549042 668.112388134 668.524555206 669.421847105
179 0.3 0.3 1 0.3 0.0271441761659 4.0 0.2 0.42 22.0 right 1 669.454978228 669.878862143 670.291042089 671.117333174
180 0.3 0.3 1 0.3 0.0271441761659 4.0 0.4 0.42 90.0 left 0 671.150673151 671.574629068 671.986780167 672.883905172
181 0.3 0.3 -1 0.3 0.121392446201 4.0 0.0 0.42 90.0 left 1 672.917121172 673.341157198 673.753164053 674.767967224
182 0.3 0.3 1 0.3 0.0736806299728 4.0 0.6 0.42 22.0 right 1 674.801301003 675.225211143 675.637366056 676.463622093
183 0.3 0.3 1 0.3 0.121392446201 4.0 0.2 0.42 90.0 right 1 676.496991158 676.920965195 677.333145142 678.406732082
184 0.3 0.3 1 0.3 0.01 4.0 0.6 0.42 22.0 left 0 678.440139055 678.863964081 679.276278019 680.137833118
185 0.3 0.3 -1 0.3 0.2 4.0 0.8 0.42 90.0 left 1 680.17120719 680.595188141 681.007308006 681.916241169
186 0.3 0.3 1 0.3 0.01 4.0 0.8 0.42 22.0 right 1 681.949456215 682.373370171 682.785608053 683.64707613
187 0.3 0.3 1 0.3 0.0164754897244 4.0 0.4 0.42 90.0 right 1 683.680466175 684.104355097 684.516571999 685.401908159
188 0.3 0.3 -1 0.3 0.121392446201 4.0 0.0 0.42 22.0 left 1 685.435118198 685.859201193 686.271335125 687.239027023
189 0.3 0.3 -1 0.3 0.0164754897244 4.0 0.2 0.42 90.0 right 0 687.272148132 687.696161032 688.108301163 689.07626009
190 0.3 0.3 1 0.3 0.0736806299728 4.0 0.4 0.42 22.0 right 1 689.109242201 689.533287048 689.945476055 690.818880081
191 0.3 0.3 1 0.3 0.121392446201 4.0 0.0 0.42 90.0 right 1 690.852140188 691.276082039 691.688293219 692.667811155
192 0.3 0.3 1 0.3 0.0736806299728 4.0 0.4 0.42 90.0 right 1 692.701023102 693.12493515 693.537140131 694.540173054
193 0.3 0.3 1 0.3 0.04472135955 4.0 0.2 0.42 90.0 right 1 694.573390007 694.99736619 695.409463167 696.22420311
194 0.3 0.3 1 0.3 0.121392446201 4.0 0.0 0.42 22.0 right 1 696.25736618 696.681276083 697.09350419 697.920012236
195 0.3 0.3 -1 0.3 0.121392446201 4.0 0.2 0.42 90.0 left 1 697.953161001 698.377225161 698.789221048 699.651037216
196 0.3 0.3 -1 0.3 0.121392446201 4.0 0.6 0.42 90.0 left 1 699.684312105 700.108138084 700.520266056 701.346606016
197 0.3 0.3 -1 0.3 0.0271441761659 4.0 0.8 0.42 90.0 right 0 701.380014181 701.803960085 702.216073036 702.983559132
198 0.3 0.3 -1 0.3 0.0271441761659 4.0 0.2 0.42 22.0 left 1 703.016835213 703.440853119 703.853032112 704.667582035
199 0.3 0.3 -1 0.3 0.04472135955 4.0 0.2 0.42 90.0 right 0 704.700844049 705.124795198 705.537075043 706.375424147
200 0.3 0.3 1 0.3 0.0271441761659 4.0 0.8 0.42 90.0 left 0 706.408562183 706.832449198 707.244693041 706.400379181
201 0.3 0.3 1 0.3 0.0164754897244 4.0 0.6 0.42 90.0 left 0 707.279830217 707.70392108 708.116029024 709.130759001
202 0.3 0.3 -1 0.3 0.0736806299728 4.0 0.2 0.42 22.0 left 1 709.164047003 709.588013172 710.000137091 710.720920086
203 0.3 0.3 1 0.3 0.0736806299728 4.0 0.6 0.42 90.0 right 1 710.76555109 711.189533234 711.601740122 712.31034112
204 0.3 0.3 1 0.3 0.2 4.0 0.4 0.42 22.0 right 1 712.343525171 712.767545223 713.179791212 713.853705168
205 0.3 0.3 -1 0.3 0.2 4.0 0.4 0.42 22.0 left 1 713.886292219 714.310148001 714.722396135 715.290380001
206 0.3 0.3 -1 0.3 0.01 4.0 0.8 0.42 90.0 right 0 715.322891235 715.74685216 716.159074068 716.938154221
207 0.3 0.3 -1 0.3 0.0271441761659 4.0 0.8 0.42 22.0 left 1 716.971626043 717.395507097 717.807660103 718.693185091
208 0.3 0.3 -1 0.3 0.01 4.0 0.6 0.42 90.0 right 0 718.726233006 719.150224209 719.562280178 720.506562233
209 0.3 0.3 -1 0.3 0.2 4.0 0.2 0.42 90.0 left 1 720.539757013 720.963791132 721.375926018 722.014908075
210 0.3 0.3 1 0.3 0.01 4.0 0.4 0.42 90.0 right 1 722.047145128 722.471032143 722.883206129 723.768921137
211 0.3 0.3 -1 0.3 0.01 4.0 0.4 0.42 90.0 left 1 723.813578129 724.237581015 724.649787188 725.369957209
212 0.3 0.3 1 0.3 0.04472135955 4.0 0.4 0.42 90.0 right 1 725.403301001 725.827224016 726.239396095 727.089410067
213 0.3 0.3 1 0.3 0.0164754897244 4.0 0.4 0.42 22.0 right 1 727.122629166 727.546617031 727.958697081 728.785086155
214 0.3 0.3 1 0.3 0.04472135955 4.0 0.4 0.42 22.0 right 1 728.818385124 729.242378235 729.654430151 730.445765018
215 0.3 0.3 -1 0.3 0.04472135955 4.0 0.0 0.42 22.0 left 1 730.47883606 730.902760029 731.31489706 732.176767111
216 0.3 0.3 1 0.3 0.0164754897244 4.0 0.2 0.42 22.0 right 1 732.209902048 732.63384223 733.045974016 733.860699177
217 0.3 0.3 1 0.3 0.0271441761659 4.0 0.2 0.42 90.0 left 0 733.894018173 734.317906141 734.730144024 735.744917154
218 0.3 0.3 1 0.3 0.0164754897244 4.0 0.6 0.42 22.0 right 1 735.778139114 736.202060223 736.614254236 737.534794092
219 0.3 0.3 1 0.3 0.04472135955 4.0 0.2 0.42 22.0 right 1 737.568117142 737.992092133 738.404273033 739.254125118
220 0.3 0.3 1 0.3 0.2 4.0 0.2 0.42 22.0 right 1 739.287498236 739.711334229 740.123519182 740.856602192
221 0.3 0.3 -1 0.3 0.121392446201 4.0 0.8 0.42 22.0 left 1 740.889026165 741.312903166 741.724988222 742.480753183
222 0.3 0.3 1 0.3 0.121392446201 4.0 0.6 0.42 90.0 right 1 742.513992071 742.93800807 743.350182056 744.094165087
223 0.3 0.3 -1 0.3 0.121392446201 4.0 0.2 0.42 22.0 left 1 744.127466202 744.551254034 744.963545084 745.672459126
224 0.3 0.3 1 0.3 0.04472135955 4.0 0.0 0.42 22.0 right 1 745.717159033 746.141067028 746.553149223 747.261945009
225 0.3 0.3 -1 0.3 0.121392446201 4.0 0.4 0.42 22.0 left 1 747.29523921 747.719130039 748.131372213 748.817325115
226 0.3 0.3 -1 0.3 0.0736806299728 4.0 0.6 0.42 22.0 right 0 748.849553108 749.273617029 749.685792208 750.323655128
227 0.3 0.3 1 0.3 0.01 4.0 0.2 0.42 22.0 right 1 750.357021093 750.780853033 751.193043232 752.113579035
228 0.3 0.3 1 0.3 0.01 4.0 0.6 0.42 90.0 right 1 752.14688015 752.570859194 752.982997179 754.539482117
229 0.3 0.3 -1 0.3 0.121392446201 4.0 0.4 0.42 90.0 left 1 754.572822094 754.996714115 755.408978224 757.024090052
230 0.3 0.3 -1 0.3 0.0736806299728 4.0 0.0 0.42 90.0 left 1 757.057632208 757.481478214 757.893703222 758.896631002
231 0.3 0.3 1 0.3 0.0271441761659 4.0 0.8 0.42 22.0 right 1 758.929920197 759.353811026 759.76606822 760.616291046
232 0.3 0.3 -1 0.3 0.01 4.0 0.2 0.42 90.0 left 1 760.661063194 761.085024118 761.497100115 762.417707205
233 0.3 0.3 -1 0.3 0.01 4.0 0.0 0.42 22.0 right 0 762.451178074 762.875064135 763.287087202 764.266555071
234 0.3 0.3 1 0.3 0.0164754897244 4.0 0.8 0.42 22.0 left 0 764.299835205 764.723830223 765.136062145 765.938957214
235 0.3 0.3 1 0.3 0.0271441761659 4.0 0.0 0.42 22.0 right 1 765.972151041 766.396085024 766.808256149 767.528603077
236 0.3 0.3 1 0.3 0.04472135955 4.0 0.8 0.42 22.0 right 1 767.561942101 767.985756159 768.398093224 769.412840128
237 0.3 0.3 1 0.3 0.2 4.0 0.0 0.42 90.0 right 1 769.445987225 769.870078087 770.282236099 770.968344212
238 0.3 0.3 1 0.3 0.0736806299728 4.0 0.0 0.42 90.0 right 1 771.000458002 771.42438221 771.836556196 772.592300177
239 0.3 0.3 -1 0.3 0.2 4.0 0.6 0.42 22.0 left 1 772.625551224 773.049473047 773.461622 774.018292189
240 0.3 0.3 -1 0.3 0.2 4.0 0.0 0.42 22.0 left 1 774.050481081 774.474462032 774.88658905 775.454610109
241 0.3 0.3 -1 0.3 0.2 4.0 0.8 0.42 22.0 left 1 775.487193108 775.911197186 776.323347092 776.856116056
242 0.3 0.3 -1 0.3 0.0271441761659 4.0 0.4 0.42 90.0 right 0 776.888658047 777.312505007 777.724687099 778.433448076
243 0.3 0.3 -1 0.3 0.0271441761659 4.0 0.6 0.42 90.0 left 1 778.46650815 778.890476227 779.302642107 780.105741024
244 0.3 0.3 1 0.3 0.01 4.0 0.2 0.42 90.0 left 0 780.13877821 780.562648058 780.974997044 781.789516211
245 0.3 0.3 -1 0.3 0.121392446201 4.0 0.8 0.42 90.0 left 1 781.822867155 782.246761084 782.658860207 783.321261168
246 0.3 0.3 -1 0.3 0.2 4.0 0.4 0.42 90.0 left 1 783.353574038 783.777581215 784.189758062 784.651900053
247 0.3 0.3 -1 0.3 0.01 4.0 0.8 0.42 22.0 right 0 784.684393167 785.108388186 785.520548105 786.394009113
248 0.3 0.3 1 0.3 0.0271441761659 4.0 0.6 0.42 22.0 right 1 786.427276134 786.851090193 787.263389111 788.442998171
249 0.3 0.3 -1 0.3 0.0164754897244 4.0 0.4 0.42 22.0 right 0 788.476245165 788.900208235 789.312458038 790.456762075
250 0.3 0.3 -1 0.3 0.0271441761659 4.0 0.0 0.42 22.0 left 1 790.490018129 790.913918018 791.326054096 792.38807416
251 0.3 0.3 1 0.3 0.0271441761659 4.0 0.0 0.42 90.0 left 0 792.421285152 792.845336199 793.25745821 794.354716063
252 0.3 0.3 1 0.3 0.2 4.0 0.8 0.42 22.0 right 1 794.387913227 794.811893225 795.223988056 795.945133209
253 0.3 0.3 -1 0.3 0.0164754897244 4.0 0.6 0.42 90.0 right 0 795.977660179 796.40161109 796.813714027 797.816952229
254 0.3 0.3 -1 0.3 0.0736806299728 4.0 0.8 0.42 90.0 left 1 797.850120068 798.273978233 798.686219215 799.583166122
255 0.3 0.3 -1 0.3 0.121392446201 4.0 0.6 0.42 22.0 left 1 799.616593122 800.040530205 800.452590227 801.172932148
256 0.3 0.3 -1 0.3 0.0271441761659 4.0 0.4 0.42 22.0 left 1 801.206199169 801.630164146 802.04232502 802.916010141
257 0.3 0.3 -1 0.3 0.0164754897244 4.0 0.6 0.42 22.0 right 0 802.949140072 803.373053074 803.78532505 804.564680099
258 0.3 0.3 -1 0.3 0.2 4.0 0.0 0.42 90.0 left 1 804.597966194 805.021826029 805.433842182 805.954770088
259 0.3 0.3 1 0.3 0.121392446201 4.0 0.8 0.42 22.0 right 1 805.987328053 806.411375999 806.823603153 807.438705206
260 0.3 0.3 1 0.3 0.0736806299728 4.0 0.2 0.42 90.0 left 0 807.471077204 807.895148039 808.307321072 808.933515072
261 0.3 0.3 1 0.3 0.0271441761659 4.0 0.4 0.42 22.0 right 1 808.966708183 809.390677214 809.802789211 810.605575085
262 0.3 0.3 1 0.3 0.121392446201 4.0 0.4 0.42 22.0 right 1 810.638919115 811.062782049 811.475080013 810.911723137
263 0.3 0.3 1 0.3 0.2 4.0 0.0 0.42 22.0 right 1 811.510369062 811.934314013 812.346482038 813.008870125
264 0.3 0.3 -1 0.3 0.0164754897244 4.0 0.8 0.42 90.0 right 0 813.041411161 813.465261221 813.877408028 814.73904109
265 0.3 0.3 1 0.3 0.2 4.0 0.8 0.42 90.0 right 1 814.772317171 815.196323156 815.608466148 816.247561216
266 0.3 0.3 1 0.3 0.04472135955 4.0 0.8 0.42 90.0 right 1 816.2797122 816.70365715 817.115740061 817.919067144
267 0.3 0.3 1 0.3 0.0271441761659 4.0 0.6 0.42 90.0 right 1 817.963660002 818.387770176 818.799870014 819.543680191
268 0.3 0.3 -1 0.3 0.0736806299728 4.0 0.2 0.42 90.0 left 1 819.57713604 820.000962019 820.413279057 821.216025114
269 0.3 0.3 -1 0.3 0.0271441761659 4.0 0.2 0.42 90.0 left 1 821.249158144 821.673230171 822.085433006 823.135207176
270 0.3 0.3 -1 0.3 0.0164754897244 4.0 0.0 0.42 22.0 right 0 823.168732166 823.592724085 824.00477314 824.98429203
271 0.3 0.3 -1 0.3 0.04472135955 4.0 0.6 0.42 90.0 left 1 825.017614126 825.441500187 825.853766203 826.774689198
272 0.3 0.3 1 0.3 0.121392446201 4.0 0.8 0.42 90.0 right 1 826.819390059 827.24319005 827.655455112 828.329758167
273 0.3 0.3 -1 0.3 0.01 4.0 0.6 0.42 22.0 right 0 828.361976147 828.785952091 829.198031187 830.436758041
274 0.3 0.3 1 0.3 0.121392446201 4.0 0.6 0.42 22.0 right 1 830.469998121 830.893951178 831.305971146 832.0265131
275 0.3 0.3 -1 0.3 0.0736806299728 4.0 0.4 0.42 90.0 left 1 832.059733152 832.483669043 832.895867109 833.757679224
276 0.3 0.3 -1 0.3 0.04472135955 4.0 0.8 0.42 22.0 left 1 833.790824175 834.214689016 834.626938105 835.571258068
277 0.3 0.3 1 0.3 0.0164754897244 4.0 0.0 0.42 90.0 right 1 835.604336023 836.028339148 836.44047904 837.549400091
278 0.3 0.3 1 0.3 0.04472135955 4.0 0.6 0.42 22.0 right 1 837.582648039 838.006690025 838.418775082 839.150956154
279 0.3 0.3 1 0.3 0.04472135955 4.0 0.6 0.42 90.0 right 1 839.184256077 839.608254194 840.020362139 840.799757004
280 0.3 0.3 -1 0.3 0.0164754897244 4.0 0.0 0.42 90.0 right 0 840.832999229 841.256805182 841.66902709 842.401262999
