trial durationPreFixation durationFixation direction durationGrating duration speed phaseIni contrast size response correct time_onset time_fixation time_stimulus time_response
1 0.3 0.3 -1 0.3 0.0736806299728 4.0 0.2 0.42 90.0 right 0 29.2627389431 29.6866879463 30.0988199711 31.4307010174
2 0.3 0.3 -1 0.3 0.0164754897244 4.0 0.0 0.42 90.0 left 1 31.4649498463 31.8887178898 32.3009569645 33.4687559605
3 0.3 0.3 1 0.3 0.0736806299728 4.0 0.6 0.42 22.0 right 1 33.5021150112 33.9260540009 34.3381309509 35.2821929455
4 0.3 0.3 1 0.3 0.01 4.0 0.6 0.42 90.0 left 0 35.3155930042 35.7396409512 36.1516368389 37.5670750141
5 0.3 0.3 -1 0.3 0.0736806299728 4.0 0.0 0.42 22.0 left 1 37.6001398563 38.0242688656 38.4362959862 39.462790966
6 0.3 0.3 1 0.3 0.121392446201 4.0 0.4 0.42 90.0 right 1 39.4960730076 39.9200539589 40.3322138786 41.700469017
7 0.3 0.3 1 0.3 0.0271441761659 4.0 0.0 0.42 90.0 left 0 41.7336118221 42.1574230194 42.569685936 43.6080868244
8 0.3 0.3 -1 0.3 0.2 4.0 0.0 0.42 90.0 left 1 43.6413128376 44.0652918816 44.4774768353 46.6583209038
9 0.3 0.3 -1 0.3 0.0271441761659 4.0 0.6 0.42 90.0 right 0 46.6912050247 47.1153788567 47.5274429321 48.8602459431
10 0.3 0.3 -1 0.3 0.0736806299728 4.0 0.0 0.42 90.0 left 1 48.905107975 49.3291678429 49.7412538528 50.7564058304
11 0.3 0.3 -1 0.3 0.0164754897244 4.0 0.2 0.42 90.0 left 1 50.7893488407 51.213326931 51.6254229546 52.6638958454
12 0.3 0.3 -1 0.3 0.0164754897244 4.0 0.0 0.42 22.0 left 1 52.6970670223 53.1210429668 53.5331377983 55.1837677956
13 0.3 0.3 1 0.3 0.0164754897244 4.0 0.2 0.42 90.0 left 0 55.217140913 55.6410579681 56.0532348156 57.4922230244
14 0.3 0.3 -1 0.3 0.0736806299728 4.0 0.2 0.42 22.0 left 1 57.5369579792 57.9609899521 58.3730828762 59.3170638084
15 0.3 0.3 -1 0.3 0.121392446201 4.0 0.6 0.42 90.0 left 1 59.350525856 59.7744920254 60.1866049767 61.2366609573
16 0.3 0.3 1 0.3 0.01 4.0 0.2 0.42 90.0 left 0 61.2699308395 61.6940059662 62.1062059402 63.1799960136
17 0.3 0.3 1 0.3 0.2 4.0 0.8 0.42 90.0 left 0 63.2248129845 63.6486968994 64.0609898567 65.8647048473
18 0.3 0.3 1 0.3 0.04472135955 4.0 0.0 0.42 90.0 left 0 65.8979709148 66.3219180107 66.7340838909 68.5143709183
19 0.3 0.3 -1 0.3 0.0736806299728 4.0 0.6 0.42 22.0 left 1 68.5476648808 68.9715340137 69.3836510181 70.3986690044
20 0.3 0.3 1 0.3 0.01 4.0 0.0 0.42 90.0 left 0 70.4318189621 70.8556969166 71.2678458691 73.3306548595
21 0.3 0.3 1 0.3 0.2 4.0 0.2 0.42 22.0 right 1 73.3641228676 73.7879548073 74.2002358437 75.4387497902
22 0.3 0.3 1 0.3 0.0271441761659 4.0 0.0 0.42 22.0 right 1 75.4720230103 75.8959479332 76.3080759048 78.4417209625
23 0.3 0.3 -1 0.3 0.121392446201 4.0 0.0 0.42 22.0 left 1 78.4747998714 78.8987298012 79.3109138012 80.5025858879
24 0.3 0.3 -1 0.3 0.01 4.0 0.4 0.42 22.0 right 0 80.5355818272 80.9595019817 81.3716638088 82.7279639244
25 0.3 0.3 -1 0.3 0.121392446201 4.0 0.2 0.42 22.0 left 1 82.7612378597 83.1851909161 83.597383976 84.9183239937
26 0.3 0.3 -1 0.3 0.0164754897244 4.0 0.8 0.42 22.0 left 1 84.9517049789 85.3756268024 85.7877719402 86.7319309711
27 0.3 0.3 1 0.3 0.01 4.0 0.0 0.42 22.0 left 0 86.7651689053 87.1890900135 87.6013679504 88.5457279682
28 0.3 0.3 -1 0.3 0.04472135955 4.0 0.6 0.42 90.0 left 1 88.5786008835 89.0027220249 89.4147748947 90.5472760201
29 0.3 0.3 -1 0.3 0.0736806299728 4.0 0.4 0.42 90.0 left 1 90.5805408955 91.0044708252 91.4166297913 93.3030698299
30 0.3 0.3 1 0.3 0.04472135955 4.0 0.2 0.42 90.0 left 0 93.3361449242 93.7602078915 94.1723968983 95.2815959454
31 0.3 0.3 1 0.3 0.121392446201 4.0 0.2 0.42 90.0 left 0 95.3144907951 95.7384848595 96.1505858898 97.5895118713
32 0.3 0.3 1 0.3 0.04472135955 4.0 0.8 0.42 90.0 left 0 97.6226480007 98.0466330051 98.4588029385 99.7211158276
33 0.3 0.3 1 0.3 0.04472135955 4.0 0.6 0.42 90.0 left 0 99.7540919781 100.178053856 100.590209007 102.370600939
34 0.3 0.3 1 0.3 0.2 4.0 0.0 0.42 90.0 left 0 102.415542841 102.839461803 103.251624823 105.220186949
35 0.3 0.3 -1 0.3 0.0736806299728 4.0 0.8 0.42 90.0 left 1 105.253587961 105.677515984 106.089706898 107.210386992
36 0.3 0.3 -1 0.3 0.04472135955 4.0 0.0 0.42 90.0 right 0 107.243703842 107.667582989 108.07989502 109.106411934
37 0.3 0.3 1 0.3 0.04472135955 4.0 0.4 0.42 90.0 right 1 109.13969779 109.563766956 109.975759983 111.332012892
38 0.3 0.3 -1 0.3 0.121392446201 4.0 0.8 0.42 90.0 left 1 111.365384817 111.789295912 112.201453924 113.404685974
39 0.3 0.3 1 0.3 0.0736806299728 4.0 0.2 0.42 90.0 left 0 113.438035011 113.861832857 114.274060011 115.700956821
40 0.3 0.3 1 0.3 0.0164754897244 4.0 0.8 0.42 22.0 left 0 115.734208822 116.158255816 116.570415974 118.267951012
41 0.3 0.3 -1 0.3 0.01 4.0 0.4 0.42 90.0 left 1 118.301386833 118.725327969 119.137480021 120.340544939
42 0.3 0.3 -1 0.3 0.01 4.0 0.0 0.42 90.0 left 1 120.373921871 120.797896862 121.210052013 122.27221179
43 0.3 0.3 -1 0.3 0.0271441761659 4.0 0.4 0.42 90.0 left 1 122.305384874 122.729395866 123.141477823 124.168166876
44 0.3 0.3 1 0.3 0.0164754897244 4.0 0.6 0.42 90.0 left 0 124.201257944 124.625118017 125.037340879 126.275789022
45 0.3 0.3 1 0.3 0.121392446201 4.0 0.8 0.42 22.0 right 1 126.30923295 126.733016968 127.145193815 128.218961954
46 0.3 0.3 -1 0.3 0.2 4.0 0.8 0.42 22.0 left 1 128.252269983 128.676136971 129.088251829 130.244449854
47 0.3 0.3 1 0.3 0.0164754897244 4.0 0.8 0.42 90.0 left 0 130.277593851 130.70169282 131.113721848 132.257972956
48 0.3 0.3 1 0.3 0.121392446201 4.0 0.6 0.42 90.0 left 0 132.291306973 132.715284824 133.127460957 134.059953928
49 0.3 0.3 -1 0.3 0.04472135955 4.0 0.8 0.42 90.0 left 1 134.093016863 134.517042875 134.929171801 136.050046921
50 0.3 0.3 1 0.3 0.121392446201 4.0 0.0 0.42 90.0 left 0 136.083355904 136.507287025 136.919469833 138.699688911
51 0.3 0.3 -1 0.3 0.121392446201 4.0 0.4 0.42 90.0 left 1 138.732941866 139.15693593 139.569059849 141.078224897
52 0.3 0.3 -1 0.3 0.2 4.0 0.2 0.42 22.0 left 1 141.111582994 141.53549099 141.947712898 143.774780989
53 0.3 0.3 -1 0.3 0.0164754897244 4.0 0.6 0.42 90.0 left 1 143.808296919 144.232349873 144.644444942 146.377569914
54 0.3 0.3 -1 0.3 0.0271441761659 4.0 0.8 0.42 90.0 right 0 146.41087389 146.834752798 147.246882915 148.344326019
55 0.3 0.3 1 0.3 0.0271441761659 4.0 0.6 0.42 90.0 left 0 148.377552986 148.801350832 149.213506937 150.252014875
56 0.3 0.3 -1 0.3 0.04472135955 4.0 0.0 0.42 22.0 left 1 150.285221815 150.709047794 151.121201992 152.124256849
57 0.3 0.3 1 0.3 0.0736806299728 4.0 0.0 0.42 22.0 right 1 152.157611847 152.581408978 152.993608952 153.93795681
58 0.3 0.3 1 0.3 0.0736806299728 4.0 0.4 0.42 22.0 right 1 153.971114874 154.394979 154.807176828 155.833572865
59 0.3 0.3 -1 0.3 0.0164754897244 4.0 0.6 0.42 22.0 right 0 155.866997957 156.290936947 156.703049898 157.753261805
60 0.3 0.3 -1 0.3 0.04472135955 4.0 0.4 0.42 90.0 left 1 157.786448956 158.210408926 158.622561932 159.696360826
61 0.3 0.3 -1 0.3 0.0271441761659 4.0 0.8 0.42 22.0 left 1 159.729640007 160.153504848 160.56567502 161.592248917
62 0.3 0.3 -1 0.3 0.01 4.0 0.8 0.42 22.0 right 0 161.625463963 162.049408913 162.461574793 163.40583086
63 0.3 0.3 -1 0.3 0.04472135955 4.0 0.2 0.42 90.0 left 1 163.439030886 163.862989902 164.275043011 165.160327911
64 0.3 0.3 -1 0.3 0.0736806299728 4.0 0.6 0.42 90.0 left 1 165.193603992 165.617646933 166.029755831 166.985658884
65 0.3 0.3 1 0.3 0.0271441761659 4.0 0.2 0.42 90.0 left 0 167.018872976 167.442937851 167.854995966 169.011008024
66 0.3 0.3 -1 0.3 0.2 4.0 0.0 0.42 22.0 left 1 169.044349909 169.468313932 169.880436897 170.80103898
67 0.3 0.3 -1 0.3 0.04472135955 4.0 0.2 0.42 22.0 left 1 170.834396839 171.258252859 171.670452833 172.779477835
68 0.3 0.3 -1 0.3 0.0736806299728 4.0 0.8 0.42 22.0 left 1 172.812759876 173.236605883 173.648975849 174.569299936
69 0.3 0.3 -1 0.3 0.121392446201 4.0 0.6 0.42 22.0 left 1 174.602731943 175.026614904 175.438815832 176.194474936
70 0.3 0.3 -1 0.3 0.01 4.0 0.6 0.42 22.0 left 1 176.227782965 176.651744843 177.063836813 177.878582001
71 0.3 0.3 1 0.3 0.01 4.0 0.8 0.42 22.0 left 0 177.911784887 178.335731983 178.747867823 179.621421814
72 0.3 0.3 1 0.3 0.0271441761659 4.0 0.4 0.42 90.0 left 0 179.654667854 180.078606844 180.490756989 181.729120016
73 0.3 0.3 1 0.3 0.121392446201 4.0 0.0 0.42 22.0 right 1 181.76245594 182.186432838 182.598620892 183.907710791
74 0.3 0.3 1 0.3 0.0164754897244 4.0 0.4 0.42 90.0 right 1 183.941087008 184.365025997 184.777391911 185.768363953
75 0.3 0.3 -1 0.3 0.0164754897244 4.0 0.2 0.42 22.0 left 1 185.801723003 186.225760937 186.637909889 187.793965816
76 0.3 0.3 -1 0.3 0.0271441761659 4.0 0.6 0.42 22.0 left 1 187.827147007 188.251112938 188.663366795 189.713310957
77 0.3 0.3 1 0.3 0.0736806299728 4.0 0.2 0.42 22.0 right 1 189.746687889 190.170550823 190.582824945 191.527021885
78 0.3 0.3 -1 0.3 0.121392446201 4.0 0.4 0.42 22.0 left 1 191.560326815 191.984112024 192.396260977 193.269774914
79 0.3 0.3 -1 0.3 0.0271441761659 4.0 0.4 0.42 22.0 right 0 193.303112984 193.726922989 194.139170885 195.036484957
80 0.3 0.3 1 0.3 0.0736806299728 4.0 0.0 0.42 90.0 left 0 195.069440842 195.493388891 195.905543804 196.943823814
81 0.3 0.3 -1 0.3 0.2 4.0 0.2 0.42 90.0 left 1 196.977131844 197.401050806 197.813215017 198.89858079
82 0.3 0.3 1 0.3 0.0164754897244 4.0 0.0 0.42 22.0 left 0 198.931983948 199.35606885 199.768260002 200.736032963
83 0.3 0.3 -1 0.3 0.0164754897244 4.0 0.4 0.42 90.0 right 0 200.780865908 201.204823017 201.617017984 203.432384014
84 0.3 0.3 -1 0.3 0.01 4.0 0.8 0.42 90.0 left 1 203.46594286 203.889811993 204.301949024 205.36374402
85 0.3 0.3 1 0.3 0.2 4.0 0.0 0.42 22.0 right 1 205.396969795 205.821009874 206.233150959 207.036845922
86 0.3 0.3 -1 0.3 0.0271441761659 4.0 0.0 0.42 22.0 left 1 207.06921196 207.493305922 207.905309916 209.026291847
87 0.3 0.3 1 0.3 0.0271441761659 4.0 0.8 0.42 22.0 right 1 209.059412956 209.483291864 209.895493984 210.839977026
88 0.3 0.3 1 0.3 0.01 4.0 0.8 0.42 90.0 right 1 210.884778976 211.308609009 211.72080183 212.865115881
89 0.3 0.3 1 0.3 0.0271441761659 4.0 0.2 0.42 22.0 right 1 212.898536921 213.322378874 213.734611988 214.725697994
90 0.3 0.3 1 0.3 0.01 4.0 0.2 0.42 22.0 right 1 214.75908494 215.182993889 215.595225811 216.598342896
91 0.3 0.3 1 0.3 0.04472135955 4.0 0.2 0.42 22.0 right 1 216.631505966 217.055378914 217.467559814 218.50580883
92 0.3 0.3 -1 0.3 0.04472135955 4.0 0.4 0.42 22.0 left 1 218.539119005 218.963039875 219.375169992 220.24859786
93 0.3 0.3 -1 0.3 0.2 4.0 0.8 0.42 90.0 left 1 220.282050848 220.705922842 221.118191004 221.851207972
94 0.3 0.3 1 0.3 0.2 4.0 0.6 0.42 22.0 right 1 221.883512974 222.307511806 222.719752789 224.240858793
95 0.3 0.3 1 0.3 0.121392446201 4.0 0.6 0.42 22.0 right 1 224.274047852 224.697912931 225.110087872 226.642937899
96 0.3 0.3 1 0.3 0.2 4.0 0.2 0.42 90.0 right 1 226.67642498 227.100341797 227.512429953 230.175987959
97 0.3 0.3 1 0.3 0.0164754897244 4.0 0.2 0.42 22.0 right 1 230.209187984 230.633036852 231.04527688 232.059988022
98 0.3 0.3 1 0.3 0.2 4.0 0.4 0.42 22.0 right 1 232.093364954 232.517272949 232.929456949 234.27409482
99 0.3 0.3 -1 0.3 0.0164754897244 4.0 0.4 0.42 22.0 right 0 234.307267904 234.731182814 235.143332005 236.216926813
100 0.3 0.3 1 0.3 0.0736806299728 4.0 0.8 0.42 22.0 right 1 236.250262976 236.674206972 237.086375952 237.983531952
101 0.3 0.3 -1 0.3 0.01 4.0 0.0 0.42 22.0 right 0 238.016738892 238.440670013 238.852773905 239.738114834
102 0.3 0.3 1 0.3 0.0164754897244 4.0 0.4 0.42 22.0 right 1 239.771304846 240.195206881 240.607502937 241.469236851
103 0.3 0.3 1 0.3 0.04472135955 4.0 0.4 0.42 22.0 right 1 241.502341986 241.926332951 242.338505983 243.353493929
104 0.3 0.3 -1 0.3 0.01 4.0 0.6 0.42 90.0 right 0 243.386508942 243.810499907 244.222630024 245.425903797
105 0.3 0.3 -1 0.3 0.2 4.0 0.6 0.42 22.0 left 1 245.459185839 245.883121014 246.295251846 246.981384993
106 0.3 0.3 -1 0.3 0.04472135955 4.0 0.6 0.42 22.0 left 1 247.013744831 247.437556982 247.849875927 248.888089895
107 0.3 0.3 -1 0.3 0.0271441761659 4.0 0.2 0.42 22.0 left 1 248.921363831 249.345224857 249.757416964 250.89009285
108 0.3 0.3 1 0.3 0.04472135955 4.0 0.6 0.42 22.0 right 1 250.92335391 251.347328901 251.759305954 252.526834965
109 0.3 0.3 -1 0.3 0.0164754897244 4.0 0.8 0.42 90.0 left 1 252.560180902 252.984208822 253.39636302 254.210729837
110 0.3 0.3 -1 0.3 0.121392446201 4.0 0.8 0.42 22.0 left 1 254.244084835 254.668032885 255.080139875 256.024238825
111 0.3 0.3 1 0.3 0.01 4.0 0.6 0.42 22.0 left 0 256.057633877 256.481652975 256.893698931 257.743575811
112 0.3 0.3 1 0.3 0.121392446201 4.0 0.2 0.42 22.0 right 1 257.776887894 258.200832844 258.613049984 259.299000978
113 0.3 0.3 1 0.3 0.04472135955 4.0 0.0 0.42 22.0 right 1 259.331426859 259.755399942 260.167541981 261.099890947
114 0.3 0.3 1 0.3 0.0271441761659 4.0 0.8 0.42 90.0 right 1 261.133265018 261.557067871 261.969225883 262.83078599
115 0.3 0.3 1 0.3 0.2 4.0 0.4 0.42 90.0 right 1 262.864198923 263.288121939 263.700238943 264.398057938
116 0.3 0.3 -1 0.3 0.2 4.0 0.6 0.42 90.0 left 1 264.430446863 264.85439992 265.26648283 266.269598007
117 0.3 0.3 -1 0.3 0.121392446201 4.0 0.2 0.42 90.0 left 1 266.302912951 266.726785898 267.138988972 267.929991007
118 0.3 0.3 1 0.3 0.121392446201 4.0 0.4 0.42 22.0 right 1 267.963122845 268.387161016 268.799453974 269.543287992
119 0.3 0.3 1 0.3 0.2 4.0 0.6 0.42 90.0 right 1 269.576490879 270.000557899 270.412624836 271.228102922
120 0.3 0.3 -1 0.3 0.0271441761659 4.0 0.2 0.42 90.0 right 0 271.260576963 271.68452692 272.096709967 273.017272949
121 0.3 0.3 1 0.3 0.0271441761659 4.0 0.4 0.42 22.0 right 1 273.050485849 273.474391937 273.886497974 274.748462915
122 0.3 0.3 1 0.3 0.01 4.0 0.4 0.42 90.0 right 1 274.781615019 275.205400944 275.617618799 277.056248903
123 0.3 0.3 1 0.3 0.0164754897244 4.0 0.6 0.42 22.0 right 1 277.089663982 277.51351285 277.925769806 278.846362829
124 0.3 0.3 -1 0.3 0.0736806299728 4.0 0.4 0.42 22.0 left 1 278.879607916 279.303550005 279.715708017 280.671911955
125 0.3 0.3 1 0.3 0.0736806299728 4.0 0.4 0.42 90.0 right 1 280.704935789 281.128933907 281.54111886 282.320642948
126 0.3 0.3 1 0.3 0.0736806299728 4.0 0.6 0.42 90.0 right 1 282.353535891 282.777614832 283.189720869 284.110086918
127 0.3 0.3 1 0.3 0.121392446201 4.0 0.8 0.42 90.0 right 1 284.143446922 284.567544937 284.979651928 285.888345003
128 0.3 0.3 -1 0.3 0.01 4.0 0.2 0.42 90.0 right 0 285.921701908 286.345570803 286.757874966 287.595939875
129 0.3 0.3 1 0.3 0.0164754897244 4.0 0.0 0.42 90.0 right 1 287.629134893 288.053120852 288.465301991 289.280125856
130 0.3 0.3 1 0.3 0.0736806299728 4.0 0.8 0.42 90.0 right 1 289.313231945 289.737129927 290.149282932 291.293543816
131 0.3 0.3 1 0.3 0.04472135955 4.0 0.8 0.42 22.0 right 1 291.3269279 291.750873804 292.162982941 292.965794802
132 0.3 0.3 -1 0.3 0.2 4.0 0.4 0.42 90.0 left 1 292.99908185 293.4230299 293.835178852 294.474298
133 0.3 0.3 -1 0.3 0.121392446201 4.0 0.0 0.42 90.0 left 1 294.506467819 294.930339813 295.342461824 296.08631897
134 0.3 0.3 1 0.3 0.0271441761659 4.0 0.6 0.42 22.0 left 0 296.119743824 296.543741941 296.955906868 297.911638021
135 0.3 0.3 -1 0.3 0.01 4.0 0.2 0.42 22.0 right 0 297.945056915 298.369127989 298.781175852 299.901647806
136 0.3 0.3 1 0.3 0.01 4.0 0.4 0.42 22.0 left 0 299.935132027 300.359098911 300.771209955 301.903770924
137 0.3 0.3 -1 0.3 0.0271441761659 4.0 0.0 0.42 90.0 left 1 301.937093019 302.361017942 302.773180962 304.011755943
138 0.3 0.3 -1 0.3 0.2 4.0 0.4 0.42 22.0 left 1 304.044987917 304.468953848 304.881093979 305.614290953
139 0.3 0.3 -1 0.3 0.04472135955 4.0 0.8 0.42 22.0 left 1 305.646511793 306.07048893 306.482584 307.261826992
140 0.3 0.3 1 0.3 0.2 4.0 0.8 0.42 22.0 right 1 307.295157909 307.719157934 308.131361008 309.063740969
141 0.3 0.3 1 0.3 0.0271441761659 4.0 0.0 0.42 90.0 left 0 595.926128864 596.350067854 596.762192011 598.083297014
142 0.3 0.3 -1 0.3 0.0164754897244 4.0 0.8 0.42 90.0 left 1 598.116606951 598.540472984 598.95261693 599.93223691
143 0.3 0.3 -1 0.3 0.01 4.0 0.2 0.42 90.0 right 0 599.965510845 600.38922596 600.801470995 602.146024942
144 0.3 0.3 1 0.3 0.04472135955 4.0 0.2 0.42 22.0 right 1 602.179230928 602.603343964 603.015369892 603.947817802
145 0.3 0.3 1 0.3 0.121392446201 4.0 0.2 0.42 22.0 right 1 603.981024027 604.404985905 604.817041874 605.620028973
146 0.3 0.3 1 0.3 0.2 4.0 0.8 0.42 22.0 right 1 605.653303862 606.077113867 606.489244938 607.116663933
147 0.3 0.3 -1 0.3 0.0164754897244 4.0 0.0 0.42 90.0 right 0 607.148880005 607.572603941 607.984956026 609.046582937
148 0.3 0.3 1 0.3 0.04472135955 4.0 0.4 0.42 90.0 left 0 609.079998016 609.503904819 609.916090965 610.837134838
149 0.3 0.3 -1 0.3 0.04472135955 4.0 0.6 0.42 22.0 left 1 610.881730795 611.305720806 611.717871904 612.579590797
150 0.3 0.3 1 0.3 0.0736806299728 4.0 0.0 0.42 22.0 right 1 612.612792015 613.036778927 613.448889971 614.287153006
151 0.3 0.3 1 0.3 0.121392446201 4.0 0.0 0.42 22.0 right 1 614.320433855 614.744436026 615.156560898 615.8533988
152 0.3 0.3 1 0.3 0.0736806299728 4.0 0.8 0.42 22.0 right 1 615.886600018 616.310433865 616.72261095 617.466559887
153 0.3 0.3 -1 0.3 0.121392446201 4.0 0.0 0.42 22.0 left 1 617.499836922 617.923753977 618.335925817 619.174207926
154 0.3 0.3 -1 0.3 0.0736806299728 4.0 0.2 0.42 90.0 left 1 619.207472801 619.631392002 620.043536901 620.846236944
155 0.3 0.3 -1 0.3 0.04472135955 4.0 0.2 0.42 90.0 left 1 620.879664898 621.303730965 621.715718985 622.542094946
156 0.3 0.3 1 0.3 0.2 4.0 0.0 0.42 22.0 right 1 622.575409889 622.999281883 623.411453009 624.026913881
157 0.3 0.3 1 0.3 0.04472135955 4.0 0.6 0.42 22.0 right 1 624.059078932 624.483081818 624.895212889 625.686146021
158 0.3 0.3 -1 0.3 0.121392446201 4.0 0.6 0.42 22.0 left 1 625.719640017 626.143445969 626.555616856 627.182765007
159 0.3 0.3 1 0.3 0.04472135955 4.0 0.8 0.42 22.0 right 1 627.215209961 627.639068842 628.05118084 628.924806833
160 0.3 0.3 1 0.3 0.01 4.0 0.6 0.42 90.0 left 0 628.957973957 629.382004023 629.794094801 630.702966928
161 0.3 0.3 -1 0.3 0.121392446201 4.0 0.4 0.42 22.0 left 1 630.736137867 631.160308838 631.572317839 632.327977896
162 0.3 0.3 -1 0.3 0.2 4.0 0.2 0.42 90.0 left 1 632.361258984 632.785295963 633.197417021 633.871758938
163 0.3 0.3 1 0.3 0.01 4.0 0.0 0.42 90.0 left 0 633.903842926 634.327824831 634.739991903 635.495836973
164 0.3 0.3 1 0.3 0.2 4.0 0.6 0.42 90.0 right 1 635.528997898 635.952931881 636.36507082 636.933435917
165 0.3 0.3 -1 0.3 0.0736806299728 4.0 0.8 0.42 22.0 left 1 636.965724945 637.389637947 637.801738024 638.498831987
166 0.3 0.3 -1 0.3 0.121392446201 4.0 0.6 0.42 90.0 right 0 638.531931877 638.955904961 639.368060827 639.924484968
167 0.3 0.3 1 0.3 0.0736806299728 4.0 0.6 0.42 22.0 right 1 639.95676589 640.380842924 640.793051004 641.855029821
168 0.3 0.3 -1 0.3 0.0164754897244 4.0 0.6 0.42 90.0 right 0 641.888101816 642.312009811 642.724167824 644.351471901
169 0.3 0.3 -1 0.3 0.0164754897244 4.0 0.2 0.42 90.0 left 1 644.384588003 644.808561802 645.220631838 646.153003931
170 0.3 0.3 -1 0.3 0.2 4.0 0.2 0.42 22.0 left 1 646.186431885 646.610299826 647.022457838 647.578849792
171 0.3 0.3 1 0.3 0.0271441761659 4.0 0.2 0.42 90.0 left 0 647.611267805 648.035162926 648.447420835 649.450405836
172 0.3 0.3 1 0.3 0.0164754897244 4.0 0.0 0.42 90.0 left 0 649.483711958 649.907553911 650.31977582 651.311491966
173 0.3 0.3 -1 0.3 0.0271441761659 4.0 0.0 0.42 22.0 right 0 651.344271898 651.768144846 652.180323839 653.20695591
174 0.3 0.3 -1 0.3 0.0164754897244 4.0 0.8 0.42 22.0 left 1 653.24020195 653.664093971 654.076303005 654.996851921
175 0.3 0.3 -1 0.3 0.0736806299728 4.0 0.8 0.42 90.0 left 1 655.030115843 655.454096794 655.866262913 656.681017876
176 0.3 0.3 1 0.3 0.04472135955 4.0 0.6 0.42 90.0 left 0 656.714082956 657.138079882 657.55014801 658.341274977
177 0.3 0.3 -1 0.3 0.2 4.0 0.8 0.42 22.0 left 1 658.374493837 658.798461914 659.210660934 659.861222982
178 0.3 0.3 1 0.3 0.121392446201 4.0 0.6 0.42 22.0 right 1 659.893721819 660.317643881 660.72982192 661.450066805
179 0.3 0.3 1 0.3 0.0736806299728 4.0 0.6 0.42 90.0 left 0 661.48337698 661.90731287 662.31950593 663.086964846
180 0.3 0.3 1 0.3 0.0164754897244 4.0 0.2 0.42 90.0 right 1 663.120240927 663.544181824 663.95635891 665.24197197
181 0.3 0.3 -1 0.3 0.0736806299728 4.0 0.2 0.42 22.0 left 1 665.275364876 665.699293852 666.111594915 666.973039865
182 0.3 0.3 -1 0.3 0.0271441761659 4.0 0.6 0.42 90.0 left 1 667.006352901 667.430305004 667.842458963 668.786711931
183 0.3 0.3 -1 0.3 0.2 4.0 0.0 0.42 90.0 left 1 668.819868803 669.2438519 669.656001806 670.330165863
184 0.3 0.3 1 0.3 0.0736806299728 4.0 0.2 0.42 90.0 left 0 670.362728834 670.786487818 671.198756933 672.083894014
185 0.3 0.3 -1 0.3 0.04472135955 4.0 0.4 0.42 90.0 left 1 672.117230892 672.541046858 672.953281879 673.709200859
186 0.3 0.3 -1 0.3 0.2 4.0 0.8 0.42 90.0 left 1 673.742317915 674.16620779 674.578390837 675.358719826
187 0.3 0.3 -1 0.3 0.2 4.0 0.6 0.42 90.0 left 1 675.390980959 675.814852953 676.227013826 676.972051859
188 0.3 0.3 -1 0.3 0.0736806299728 4.0 0.4 0.42 22.0 left 1 677.004381895 677.428203821 677.840334892 678.666622877
189 0.3 0.3 -1 0.3 0.0736806299728 4.0 0.6 0.42 90.0 left 1 678.699929953 679.123979807 679.536114931 680.292061806
190 0.3 0.3 -1 0.3 0.04472135955 4.0 0.2 0.42 22.0 left 1 680.325098991 680.749006987 681.161214828 681.869714022
191 0.3 0.3 1 0.3 0.0736806299728 4.0 0.0 0.42 90.0 left 0 681.903158903 682.327188969 682.739247799 683.388803959
192 0.3 0.3 1 0.3 0.0736806299728 4.0 0.4 0.42 90.0 right 1 683.422187805 683.84617281 684.258232832 685.56754899
193 0.3 0.3 -1 0.3 0.04472135955 4.0 0.0 0.42 22.0 left 1 685.600893974 686.024811983 686.436949968 687.286834955
194 0.3 0.3 -1 0.3 0.2 4.0 0.4 0.42 90.0 left 1 687.320081949 687.744066954 688.156157017 689.017809868
195 0.3 0.3 -1 0.3 0.01 4.0 0.8 0.42 90.0 left 1 689.05120182 689.475143909 689.887300014 690.890254974
196 0.3 0.3 1 0.3 0.01 4.0 0.4 0.42 22.0 left 0 690.923560858 691.347484827 691.759709835 693.4926579
197 0.3 0.3 -1 0.3 0.0164754897244 4.0 0.0 0.42 22.0 left 1 693.526050806 693.94995594 694.362126827 695.54172802
198 0.3 0.3 1 0.3 0.121392446201 4.0 0.8 0.42 90.0 right 1 695.575084925 695.998960972 696.411208868 697.485081911
199 0.3 0.3 1 0.3 0.0271441761659 4.0 0.4 0.42 22.0 right 1 697.518157005 697.942027807 698.354430914 699.275228977
200 0.3 0.3 1 0.3 0.01 4.0 0.6 0.42 22.0 right 1 699.319855928 699.743893862 700.155929804 701.488668919
201 0.3 0.3 -1 0.3 0.0164754897244 4.0 0.2 0.42 22.0 right 0 701.521981955 701.945992947 702.358192921 702.773020983
202 0.3 0.3 1 0.3 0.04472135955 4.0 0.0 0.42 22.0 right 1 702.805571795 703.229554892 703.641726971 704.715410948
203 0.3 0.3 1 0.3 0.01 4.0 0.2 0.42 90.0 right 1 704.74869585 705.172531843 705.584695816 706.811558962
204 0.3 0.3 -1 0.3 0.01 4.0 0.6 0.42 22.0 right 0 706.844763994 707.268675804 707.680817842 708.88398385
205 0.3 0.3 -1 0.3 0.0271441761659 4.0 0.8 0.42 22.0 left 1 708.91740489 709.341257811 709.753525972 710.756485939
206 0.3 0.3 1 0.3 0.0164754897244 4.0 0.4 0.42 22.0 right 1 710.789718866 711.213719845 711.625921011 712.723152876
207 0.3 0.3 -1 0.3 0.0164754897244 4.0 0.4 0.42 22.0 right 0 712.756412983 713.180229902 713.59243083 714.548381805
208 0.3 0.3 1 0.3 0.01 4.0 0.2 0.42 22.0 left 0 714.581645012 715.00573802 715.417852879 716.149951935
209 0.3 0.3 -1 0.3 0.01 4.0 0.2 0.42 22.0 right 0 716.183264971 716.607215881 717.019356966 717.78666997
210 0.3 0.3 1 0.3 0.0164754897244 4.0 0.4 0.42 90.0 left 0 717.820190907 718.243996859 718.656246901 719.341344833
211 0.3 0.3 -1 0.3 0.0271441761659 4.0 0.6 0.42 22.0 left 1 719.374408007 719.798424959 720.210604906 721.178261995
212 0.3 0.3 1 0.3 0.0736806299728 4.0 0.2 0.42 22.0 right 1 721.21152091 721.635490894 722.047622919 722.874379873
213 0.3 0.3 -1 0.3 0.121392446201 4.0 0.8 0.42 22.0 left 1 722.919026852 723.343024969 723.755151987 724.487264872
214 0.3 0.3 1 0.3 0.04472135955 4.0 0.2 0.42 90.0 left 0 724.520597935 724.944546938 725.356664896 726.242152929
215 0.3 0.3 1 0.3 0.0736806299728 4.0 0.4 0.42 22.0 right 1 726.275301933 726.699384928 727.111513853 727.949666977
216 0.3 0.3 1 0.3 0.121392446201 4.0 0.4 0.42 90.0 right 1 727.982783794 728.406756878 728.818850994 730.128153801
217 0.3 0.3 1 0.3 0.0164754897244 4.0 0.8 0.42 22.0 right 1 730.161489964 730.585312843 730.997591972 731.835673809
218 0.3 0.3 -1 0.3 0.2 4.0 0.6 0.42 22.0 left 1 731.868932962 732.2929039 732.704938889 733.343773842
219 0.3 0.3 -1 0.3 0.2 4.0 0.0 0.42 22.0 left 1 733.376158953 733.800146818 734.212296963 734.851099014
220 0.3 0.3 -1 0.3 0.01 4.0 0.0 0.42 22.0 left 1 734.883651018 735.307602882 735.71970892 736.675551891
221 0.3 0.3 1 0.3 0.0271441761659 4.0 0.8 0.42 22.0 right 1 736.708858013 737.132874966 737.544940948 738.359778881
222 0.3 0.3 -1 0.3 0.0271441761659 4.0 0.4 0.42 22.0 left 1 738.392910004 738.816862822 739.229007959 740.125844955
223 0.3 0.3 -1 0.3 0.01 4.0 0.0 0.42 90.0 right 0 740.15921092 740.583177805 740.995232821 742.033614874
224 0.3 0.3 1 0.3 0.0164754897244 4.0 0.8 0.42 90.0 left 0 742.066998959 742.490923882 742.903121948 743.694129944
225 0.3 0.3 1 0.3 0.01 4.0 0.0 0.42 22.0 left 0 743.727404833 744.151297808 744.563454866 745.507572889
226 0.3 0.3 -1 0.3 0.0736806299728 4.0 0.0 0.42 90.0 left 1 745.540944815 745.96480298 746.376969814 747.191614866
227 0.3 0.3 -1 0.3 0.01 4.0 0.6 0.42 90.0 left 1 747.224970818 747.648846865 748.061094999 748.957880974
228 0.3 0.3 1 0.3 0.2 4.0 0.4 0.42 22.0 right 1 748.991221905 749.415158987 749.82730484 750.348737001
229 0.3 0.3 -1 0.3 0.121392446201 4.0 0.8 0.42 90.0 left 1 750.380771875 750.804763794 751.216938972 751.902909994
230 0.3 0.3 -1 0.3 0.04472135955 4.0 0.4 0.42 22.0 left 1 751.935254812 752.35925293 752.771324873 753.456596851
231 0.3 0.3 -1 0.3 0.0271441761659 4.0 0.2 0.42 22.0 left 1 753.489664793 753.913735867 754.325797796 755.011055946
232 0.3 0.3 1 0.3 0.2 4.0 0.8 0.42 90.0 left 0 755.044139862 755.468231916 755.880367994 756.318926811
233 0.3 0.3 1 0.3 0.0164754897244 4.0 0.6 0.42 90.0 right 1 756.35124588 756.775189877 757.187331915 758.508430958
234 0.3 0.3 1 0.3 0.0164754897244 4.0 0.6 0.42 22.0 right 1 758.541781902 758.965582848 759.377784967 760.380775928
235 0.3 0.3 1 0.3 0.2 4.0 0.4 0.42 90.0 right 1 760.414170027 760.838025808 761.250199795 761.91258502
236 0.3 0.3 1 0.3 0.0736806299728 4.0 0.8 0.42 90.0 right 1 761.944928885 762.368841887 762.781044006 763.419008017
237 0.3 0.3 1 0.3 0.2 4.0 0.0 0.42 90.0 right 1 763.452370882 763.876266003 764.288448811 764.84479785
238 0.3 0.3 1 0.3 0.01 4.0 0.8 0.42 90.0 right 1 764.87719202 765.301108837 765.713279009 766.445484877
239 0.3 0.3 1 0.3 0.0271441761659 4.0 0.8 0.42 90.0 left 0 766.47868681 766.902714014 767.314889908 768.294365883
240 0.3 0.3 -1 0.3 0.04472135955 4.0 0.6 0.42 90.0 left 1 768.327499866 768.751505852 769.16366601 770.284476995
241 0.3 0.3 1 0.3 0.04472135955 4.0 0.8 0.42 90.0 right 1 770.317687988 770.741632938 771.153761864 772.34529686
242 0.3 0.3 -1 0.3 0.121392446201 4.0 0.0 0.42 90.0 left 1 772.378454924 772.802386999 773.214601994 773.923278809
243 0.3 0.3 -1 0.3 0.0164754897244 4.0 0.6 0.42 22.0 left 1 773.956480026 774.380543947 774.792629957 776.01946497
244 0.3 0.3 1 0.3 0.2 4.0 0.2 0.42 22.0 right 1 776.052614927 776.476555824 776.888713837 777.504058838
245 0.3 0.3 1 0.3 0.121392446201 4.0 0.4 0.42 22.0 right 1 777.536346912 777.960382938 778.372514009 779.081164837
246 0.3 0.3 -1 0.3 0.0736806299728 4.0 0.6 0.42 22.0 left 1 779.114513874 779.538247824 779.950482845 780.706297874
247 0.3 0.3 -1 0.3 0.0271441761659 4.0 0.0 0.42 90.0 right 0 780.739569902 781.163600922 781.575677872 782.42553401
248 0.3 0.3 -1 0.3 0.0736806299728 4.0 0.4 0.42 90.0 left 1 782.458822966 782.882712841 783.294888973 784.003585815
249 0.3 0.3 1 0.3 0.121392446201 4.0 0.8 0.42 22.0 right 1 784.036906004 784.460667849 784.872931004 785.523510933
250 0.3 0.3 -1 0.3 0.04472135955 4.0 0.8 0.42 22.0 left 1 785.555854797 785.979779959 786.391974926 787.112551928
251 0.3 0.3 -1 0.3 0.2 4.0 0.4 0.42 22.0 left 1 787.145669937 787.569617987 787.981755018 788.620680809
252 0.3 0.3 -1 0.3 0.01 4.0 0.4 0.42 22.0 left 1 788.652963877 789.076928854 789.489020824 790.3393538
253 0.3 0.3 1 0.3 0.0271441761659 4.0 0.4 0.42 90.0 left 0 790.37232995 790.796429873 791.20856595 792.187863827
254 0.3 0.3 -1 0.3 0.04472135955 4.0 0.0 0.42 90.0 left 1 792.221161842 792.64513588 793.057216883 793.907300949
255 0.3 0.3 1 0.3 0.04472135955 4.0 0.0 0.42 90.0 left 0 793.940419912 794.364332914 794.776511908 795.555821896
256 0.3 0.3 -1 0.3 0.04472135955 4.0 0.8 0.42 90.0 left 1 795.589090824 796.012962818 796.425184965 797.4163239
257 0.3 0.3 -1 0.3 0.0271441761659 4.0 0.8 0.42 90.0 left 1 797.449740887 797.873655796 798.285761833 799.171252012
258 0.3 0.3 1 0.3 0.01 4.0 0.4 0.42 90.0 left 0 799.204371929 799.628453016 800.040413857 801.114012957
259 0.3 0.3 1 0.3 0.2 4.0 0.6 0.42 22.0 right 1 801.147346973 801.571264982 801.983494997 802.516386986
260 0.3 0.3 1 0.3 0.2 4.0 0.2 0.42 90.0 right 1 802.548756838 802.972625971 803.384823799 803.999969959
261 0.3 0.3 1 0.3 0.0271441761659 4.0 0.6 0.42 22.0 right 1 804.03251195 804.456497908 804.868598938 805.577163935
262 0.3 0.3 -1 0.3 0.01 4.0 0.8 0.42 22.0 right 0 805.610514879 806.03449297 806.446689844 807.178763866
263 0.3 0.3 -1 0.3 0.01 4.0 0.4 0.42 90.0 left 1 807.212165833 807.635996819 808.048232794 809.086477995
264 0.3 0.3 1 0.3 0.121392446201 4.0 0.0 0.42 90.0 right 1 809.119752884 809.543644905 809.955915928 810.641810894
265 0.3 0.3 1 0.3 0.0164754897244 4.0 0.2 0.42 22.0 right 1 810.6742239 811.098152876 811.510349989 812.266155958
266 0.3 0.3 1 0.3 0.01 4.0 0.8 0.42 22.0 right 1 812.299281836 812.723235846 813.135340929 813.938289881
267 0.3 0.3 -1 0.3 0.0271441761659 4.0 0.2 0.42 90.0 right 0 813.971483946 814.395514011 814.80774188 815.516073942
268 0.3 0.3 1 0.3 0.0271441761659 4.0 0.0 0.42 22.0 right 1 815.549495935 815.973426819 816.385525942 817.082573891
269 0.3 0.3 -1 0.3 0.121392446201 4.0 0.4 0.42 90.0 left 1 817.115806818 817.539654016 817.951830864 818.672062874
270 0.3 0.3 1 0.3 0.0271441761659 4.0 0.2 0.42 22.0 left 0 818.705508947 819.129494905 819.541615963 820.297422886
271 0.3 0.3 -1 0.3 0.121392446201 4.0 0.2 0.42 22.0 left 1 820.330498934 820.754570961 821.166726828 822.004910946
272 0.3 0.3 1 0.3 0.04472135955 4.0 0.4 0.42 22.0 right 1 822.038272858 822.46201396 822.874248981 823.735729933
273 0.3 0.3 -1 0.3 0.0271441761659 4.0 0.4 0.42 90.0 left 1 823.769196987 824.193049908 824.605274916 825.337446928
274 0.3 0.3 -1 0.3 0.121392446201 4.0 0.2 0.42 90.0 left 1 825.370755911 825.794638872 826.206748009 826.716095924
275 0.3 0.3 1 0.3 0.0271441761659 4.0 0.6 0.42 90.0 left 0 826.748516798 827.172597885 827.584659815 828.269769907
276 0.3 0.3 -1 0.3 0.0736806299728 4.0 0.0 0.42 22.0 left 1 828.302950859 828.72692585 829.139046907 829.883063793
277 0.3 0.3 1 0.3 0.0164754897244 4.0 0.0 0.42 22.0 left 0 829.916273832 830.340245962 830.752382994 831.519727945
278 0.3 0.3 1 0.3 0.121392446201 4.0 0.6 0.42 90.0 left 0 831.553187847 831.977056026 832.389284849 832.910460949
279 0.3 0.3 -1 0.3 0.0164754897244 4.0 0.4 0.42 90.0 left 1 832.942770004 833.366678953 833.778872967 835.111768961
280 0.3 0.3 1 0.3 0.121392446201 4.0 0.2 0.42 90.0 right 1 835.144920826 835.568842888 835.981033802 836.560835838
