trial durationPreFixation durationFixation direction durationGrating duration speed phaseIni contrast size response correct time_onset time_fixation time_stimulus time_response
1 0.3 0.3 -1 0.3 0.01 4.0 0.8 0.42 22.0 right 0 31.2231769562 31.6470880508 32.0592989922 33.0227649212
2 0.3 0.3 -1 0.3 0.01 4.0 0.4 0.42 22.0 left 1 33.0483999252 33.4723060131 33.8846271038 34.7699041367
3 0.3 0.3 1 0.3 0.2 4.0 0.4 0.42 90.0 right 1 34.8030290604 35.2270231247 35.6391711235 36.6070230007
4 0.3 0.3 -1 0.3 0.0271441761659 4.0 0.6 0.42 22.0 left 1 36.6401400566 37.0640439987 37.4761989117 38.3025119305
5 0.3 0.3 1 0.3 0.0164754897244 4.0 0.0 0.42 22.0 right 1 38.3358659744 38.7598631382 39.1719009876 39.998431921
6 0.3 0.3 1 0.3 0.0164754897244 4.0 0.6 0.42 22.0 right 1 40.0316960812 40.4556100368 40.8678209782 41.753262043
7 0.3 0.3 1 0.3 0.2 4.0 0.8 0.42 22.0 right 1 41.7862560749 42.2101891041 42.6223750114 43.6371610165
8 0.3 0.3 1 0.3 0.2 4.0 0.8 0.42 90.0 right 1 43.6704549789 44.0943880081 44.5065050125 45.4389269352
9 0.3 0.3 -1 0.3 0.01 4.0 0.0 0.42 90.0 left 1 45.4722149372 45.896089077 46.3082280159 47.6411781311
10 0.3 0.3 1 0.3 0.0164754897244 4.0 0.0 0.42 90.0 left 0 47.6743059158 48.0983901024 48.5105659962 49.4312050343
11 0.3 0.3 -1 0.3 0.2 4.0 0.4 0.42 90.0 left 1 49.4642860889 49.8881859779 50.3004231453 51.0922780037
12 0.3 0.3 1 0.3 0.0736806299728 4.0 0.6 0.42 22.0 right 1 51.1246781349 51.5486321449 51.9607589245 52.7402980328
13 0.3 0.3 -1 0.3 0.0164754897244 4.0 0.6 0.42 90.0 left 1 52.7733809948 53.1972739697 53.6094241142 54.6718099117
14 0.3 0.3 -1 0.3 0.0164754897244 4.0 0.0 0.42 22.0 right 0 54.7046620846 55.1285009384 55.5406849384 56.7440979481
15 0.3 0.3 1 0.3 0.121392446201 4.0 0.6 0.42 90.0 right 1 56.7771100998 57.2010691166 57.6132490635 58.404624939
16 0.3 0.3 -1 0.3 0.04472135955 4.0 0.0 0.42 90.0 left 1 58.4494121075 58.873237133 59.2854409218 60.24132514
17 0.3 0.3 -1 0.3 0.2 4.0 0.6 0.42 22.0 left 1 60.2747049332 60.6985499859 61.1108031273 62.1962521076
18 0.3 0.3 1 0.3 0.0164754897244 4.0 0.8 0.42 90.0 left 0 62.2296829224 62.653427124 63.065746069 64.2924101353
19 0.3 0.3 1 0.3 0.01 4.0 0.2 0.42 22.0 left 0 64.3257069588 64.7497270107 65.1618919373 66.1180770397
20 0.3 0.3 1 0.3 0.121392446201 4.0 0.2 0.42 22.0 right 1 66.1511211395 66.5749020576 66.9871449471 67.766356945
21 0.3 0.3 1 0.3 0.01 4.0 0.2 0.42 90.0 right 1 67.7996399403 68.2236421108 68.6357500553 69.6035060883
22 0.3 0.3 1 0.3 0.0736806299728 4.0 0.4 0.42 90.0 right 1 69.6365909576 70.0607459545 70.4729020596 71.311052084
23 0.3 0.3 -1 0.3 0.121392446201 4.0 0.0 0.42 90.0 left 1 71.3442411423 71.7681241035 72.1803209782 72.9948611259
24 0.3 0.3 1 0.3 0.01 4.0 0.8 0.42 90.0 left 0 73.0281860828 73.4520549774 73.8642439842 74.9028949738
25 0.3 0.3 1 0.3 0.0736806299728 4.0 0.6 0.42 90.0 right 1 74.9359660149 75.3597919941 75.7720029354 76.5749869347
26 0.3 0.3 -1 0.3 0.0271441761659 4.0 0.2 0.42 90.0 left 1 76.6082179546 77.0321009159 77.4441759586 78.3176519871
27 0.3 0.3 -1 0.3 0.04472135955 4.0 0.2 0.42 90.0 left 1 78.3508889675 78.7748830318 79.1869931221 80.0490801334
28 0.3 0.3 -1 0.3 0.121392446201 4.0 0.8 0.42 22.0 left 1 80.0819721222 80.5060601234 80.9182429314 81.7446501255
29 0.3 0.3 1 0.3 0.04472135955 4.0 0.8 0.42 22.0 right 1 81.7778420448 82.2017319202 82.614000082 83.4404139519
30 0.3 0.3 1 0.3 0.0736806299728 4.0 0.8 0.42 90.0 right 1 83.4735469818 83.8974161148 84.3096020222 85.1713480949
31 0.3 0.3 1 0.3 0.0736806299728 4.0 0.4 0.42 22.0 right 1 85.2046649456 85.6285760403 86.0407450199 86.879034996
32 0.3 0.3 -1 0.3 0.121392446201 4.0 0.2 0.42 90.0 left 1 86.9122900963 87.3361530304 87.7484591007 88.5864729881
33 0.3 0.3 -1 0.3 0.04472135955 4.0 0.4 0.42 90.0 left 1 88.619590044 89.0435459614 89.455698967 90.3173179626
34 0.3 0.3 1 0.3 0.0271441761659 4.0 0.4 0.42 22.0 right 1 90.350741148 90.7746369839 91.1868641376 92.1189889908
35 0.3 0.3 1 0.3 0.0736806299728 4.0 0.8 0.42 22.0 right 1 92.1524789333 92.5765299797 92.9885890484 93.9327290058
36 0.3 0.3 1 0.3 0.2 4.0 0.6 0.42 90.0 right 1 93.9659609795 94.3899259567 94.8021299839 95.7228279114
37 0.3 0.3 -1 0.3 0.04472135955 4.0 0.2 0.42 22.0 left 1 95.7560169697 96.1800689697 96.5920350552 97.5127971172
38 0.3 0.3 -1 0.3 0.01 4.0 0.6 0.42 90.0 left 1 97.5458660126 97.9699831009 98.3820941448 99.5501840115
39 0.3 0.3 1 0.3 0.0271441761659 4.0 0.0 0.42 22.0 right 1 99.5831620693 100.007148981 100.419235945 101.316268921
40 0.3 0.3 -1 0.3 0.0736806299728 4.0 0.2 0.42 90.0 left 1 101.349597931 101.773492098 102.185640097 103.000160933
41 0.3 0.3 1 0.3 0.121392446201 4.0 0.0 0.42 22.0 right 1 103.033579111 103.457458019 103.869656086 104.590436935
42 0.3 0.3 -1 0.3 0.0164754897244 4.0 0.8 0.42 90.0 left 1 104.623392105 105.04729414 105.459379911 106.68639493
43 0.3 0.3 -1 0.3 0.0164754897244 4.0 0.4 0.42 90.0 left 1 106.719437122 107.143429995 107.555556059 108.65290904
44 0.3 0.3 1 0.3 0.04472135955 4.0 0.8 0.42 90.0 right 1 108.686147928 109.110084057 109.522221088 110.325688124
45 0.3 0.3 -1 0.3 0.0736806299728 4.0 0.6 0.42 22.0 left 1 110.35831213 110.7822721 111.194427967 111.973766088
46 0.3 0.3 1 0.3 0.01 4.0 0.4 0.42 22.0 left 0 112.006978989 112.430840015 112.843055964 114.234628916
47 0.3 0.3 -1 0.3 0.0736806299728 4.0 0.6 0.42 90.0 left 1 114.26800704 114.691869974 115.104025126 115.989233017
48 0.3 0.3 1 0.3 0.0271441761659 4.0 0.6 0.42 22.0 right 1 116.022695065 116.446507931 116.858865976 117.708728075
49 0.3 0.3 -1 0.3 0.2 4.0 0.0 0.42 90.0 left 1 117.741904974 118.165908098 118.578072071 119.439716101
50 0.3 0.3 1 0.3 0.0271441761659 4.0 0.8 0.42 90.0 left 0 119.472911119 119.896836996 120.309047937 121.594942093
51 0.3 0.3 -1 0.3 0.01 4.0 0.0 0.42 22.0 left 1 121.639734983 122.063813925 122.475836039 123.467386007
52 0.3 0.3 -1 0.3 0.01 4.0 0.2 0.42 22.0 right 0 123.500514984 123.924258947 124.336544037 125.221669912
53 0.3 0.3 -1 0.3 0.121392446201 4.0 0.2 0.42 22.0 left 1 125.255125046 125.679086924 126.091059923 126.964729071
54 0.3 0.3 1 0.3 0.0164754897244 4.0 0.8 0.42 22.0 right 1 126.997884035 127.421796083 127.833930016 128.660380125
55 0.3 0.3 1 0.3 0.121392446201 4.0 0.8 0.42 90.0 right 1 128.693576097 129.11749506 129.529658079 130.344341993
56 0.3 0.3 1 0.3 0.0271441761659 4.0 0.4 0.42 90.0 left 0 130.37759304 130.801444054 131.213783026 132.805485964
57 0.3 0.3 -1 0.3 0.0736806299728 4.0 0.8 0.42 90.0 left 1 132.838716984 133.262676954 133.674919128 134.524698019
58 0.3 0.3 1 0.3 0.0736806299728 4.0 0.2 0.42 22.0 right 1 134.558151007 134.982021093 135.394228935 136.138549089
59 0.3 0.3 1 0.3 0.0164754897244 4.0 0.2 0.42 22.0 right 1 136.183198929 136.607249975 137.019320011 138.010514021
60 0.3 0.3 1 0.3 0.2 4.0 0.2 0.42 22.0 right 1 138.043859005 138.467809916 138.879923105 139.788722992
61 0.3 0.3 -1 0.3 0.2 4.0 0.8 0.42 90.0 left 1 139.821946144 140.246016979 140.658090115 141.920239925
62 0.3 0.3 -1 0.3 0.04472135955 4.0 0.8 0.42 90.0 left 1 141.953469038 142.377469063 142.789597988 144.004631042
63 0.3 0.3 1 0.3 0.04472135955 4.0 0.4 0.42 90.0 right 1 144.03801012 144.461833954 144.87390995 145.829777002
64 0.3 0.3 1 0.3 0.04472135955 4.0 0.4 0.42 22.0 right 1 145.863124132 146.287153006 146.69928813 147.714323044
65 0.3 0.3 1 0.3 0.2 4.0 0.4 0.42 22.0 right 1 147.759114981 148.182980061 148.595085144 149.610031128
66 0.3 0.3 1 0.3 0.121392446201 4.0 0.2 0.42 90.0 right 1 149.643157959 150.067080021 150.479223013 151.317533016
67 0.3 0.3 -1 0.3 0.121392446201 4.0 0.4 0.42 90.0 left 1 151.350705147 151.774830103 152.186834097 153.154583931
68 0.3 0.3 -1 0.3 0.01 4.0 0.4 0.42 90.0 right 0 153.187782049 153.611810923 154.024013996 155.686500072
69 0.3 0.3 -1 0.3 0.2 4.0 0.6 0.42 90.0 left 1 155.719735146 156.143553972 156.55591011 157.324211121
70 0.3 0.3 1 0.3 0.04472135955 4.0 0.6 0.42 90.0 right 1 157.356657982 157.780499935 158.192651987 159.019271135
71 0.3 0.3 -1 0.3 0.121392446201 4.0 0.6 0.42 90.0 left 1 159.05232811 159.476339102 159.888371944 160.597167969
72 0.3 0.3 -1 0.3 0.0164754897244 4.0 0.6 0.42 22.0 left 1 160.630406141 161.054153919 161.466521978 162.469464064
73 0.3 0.3 1 0.3 0.0164754897244 4.0 0.4 0.42 22.0 right 1 162.502619982 162.926629066 163.338979006 164.259386063
74 0.3 0.3 1 0.3 0.2 4.0 0.2 0.42 90.0 right 1 164.292575121 164.716604948 165.128895044 166.014076948
75 0.3 0.3 1 0.3 0.0164754897244 4.0 0.6 0.42 90.0 left 0 166.047317982 166.471174955 166.883388042 167.803906918
76 0.3 0.3 1 0.3 0.0271441761659 4.0 0.2 0.42 90.0 right 1 167.837260962 168.261322021 168.673296928 169.641380072
77 0.3 0.3 -1 0.3 0.01 4.0 0.2 0.42 90.0 right 0 169.686171055 170.110182047 170.522198915 171.890217066
78 0.3 0.3 1 0.3 0.121392446201 4.0 0.4 0.42 90.0 right 1 171.923493147 172.347425938 172.759762049 173.527280092
79 0.3 0.3 -1 0.3 0.01 4.0 0.8 0.42 90.0 left 1 173.560392141 173.984334946 174.396570921 175.329292059
80 0.3 0.3 -1 0.3 0.0736806299728 4.0 0.2 0.42 22.0 left 1 175.373867989 175.79777813 176.20996213 177.048490047
81 0.3 0.3 -1 0.3 0.0736806299728 4.0 0.4 0.42 90.0 left 1 177.081609011 177.505392075 177.917665958 178.897478104
82 0.3 0.3 1 0.3 0.01 4.0 0.4 0.42 90.0 left 0 178.942104101 179.366109133 179.778234959 180.946088076
83 0.3 0.3 -1 0.3 0.04472135955 4.0 0.6 0.42 22.0 left 1 180.979438066 181.403146029 181.815331936 182.641865969
84 0.3 0.3 -1 0.3 0.01 4.0 0.6 0.42 22.0 right 0 182.675195932 183.099061966 183.511194944 184.53777504
85 0.3 0.3 -1 0.3 0.0736806299728 4.0 0.8 0.42 22.0 left 1 184.570961952 184.994965076 185.407091141 186.221676111
86 0.3 0.3 -1 0.3 0.2 4.0 0.8 0.42 22.0 left 1 186.254981995 186.678945065 187.090996027 187.952811956
87 0.3 0.3 1 0.3 0.2 4.0 0.6 0.42 22.0 right 1 187.986161947 188.410109043 188.822242022 189.461180925
88 0.3 0.3 -1 0.3 0.0271441761659 4.0 0.4 0.42 90.0 left 1 189.493324995 189.917352915 190.32951498 191.473905087
89 0.3 0.3 1 0.3 0.0271441761659 4.0 0.2 0.42 22.0 right 1 191.507015944 191.931107998 192.34324193 193.216799974
90 0.3 0.3 1 0.3 0.2 4.0 0.0 0.42 22.0 right 1 193.249994993 193.673910141 194.086077929 194.842688084
91 0.3 0.3 1 0.3 0.04472135955 4.0 0.2 0.42 22.0 right 1 194.875030994 195.298951149 195.711204052 196.561172962
92 0.3 0.3 -1 0.3 0.0271441761659 4.0 0.0 0.42 22.0 left 1 196.594377041 197.018369913 197.430593014 198.292257071
93 0.3 0.3 -1 0.3 0.0164754897244 4.0 0.2 0.42 90.0 right 0 198.325444937 198.749335051 199.161539078 200.494420052
94 0.3 0.3 1 0.3 0.0164754897244 4.0 0.2 0.42 90.0 left 0 200.527635098 200.951522112 201.363641977 202.331418037
95 0.3 0.3 -1 0.3 0.0271441761659 4.0 0.8 0.42 22.0 left 1 202.364660025 202.788644075 203.200686932 204.097767115
96 0.3 0.3 -1 0.3 0.121392446201 4.0 0.0 0.42 22.0 left 1 204.131011963 204.555006981 204.967143059 205.817192078
97 0.3 0.3 1 0.3 0.01 4.0 0.6 0.42 90.0 left 0 205.850394011 206.274368048 206.686471939 207.748409033
98 0.3 0.3 -1 0.3 0.04472135955 4.0 0.4 0.42 22.0 left 1 207.781592131 208.205610037 208.617702961 209.479578018
99 0.3 0.3 -1 0.3 0.121392446201 4.0 0.6 0.42 22.0 left 1 209.512763023 209.936620951 210.348753929 211.080739021
100 0.3 0.3 -1 0.3 0.0164754897244 4.0 0.4 0.42 22.0 left 1 211.114164114 211.538187027 211.950361967 212.800740957
101 0.3 0.3 1 0.3 0.121392446201 4.0 0.4 0.42 22.0 right 1 212.845420122 213.269309044 213.681357145 214.496317148
102 0.3 0.3 1 0.3 0.04472135955 4.0 0.2 0.42 90.0 right 1 214.541067123 214.964955091 215.377147913 216.556872129
103 0.3 0.3 -1 0.3 0.04472135955 4.0 0.8 0.42 22.0 left 1 216.590132952 217.013998032 217.42615509 218.205518007
104 0.3 0.3 -1 0.3 0.2 4.0 0.2 0.42 90.0 left 1 218.238713026 218.662675142 219.074845076 219.913970947
105 0.3 0.3 -1 0.3 0.0271441761659 4.0 0.2 0.42 22.0 left 1 219.946262121 220.370167971 220.782382011 221.714709997
106 0.3 0.3 -1 0.3 0.04472135955 4.0 0.0 0.42 22.0 left 1 221.747996092 222.171906948 222.584056139 223.386852026
107 0.3 0.3 1 0.3 0.121392446201 4.0 0.6 0.42 22.0 right 1 223.420233965 223.844174147 224.256267071 224.988552094
108 0.3 0.3 -1 0.3 0.2 4.0 0.0 0.42 22.0 left 1 225.021759987 225.445663929 225.857861042 226.496906996
109 0.3 0.3 -1 0.3 0.04472135955 4.0 0.6 0.42 90.0 left 1 226.529158115 226.953050137 227.365387917 228.356605053
110 0.3 0.3 -1 0.3 0.0164754897244 4.0 0.0 0.42 90.0 right 0 228.389687061 228.81361413 229.225837946 230.381803989
111 0.3 0.3 -1 0.3 0.0164754897244 4.0 0.8 0.42 22.0 left 1 230.415151119 230.839105129 231.251363993 232.124912024
112 0.3 0.3 -1 0.3 0.0271441761659 4.0 0.4 0.42 22.0 left 1 232.157969952 232.582020044 232.994126081 233.844067097
113 0.3 0.3 -1 0.3 0.0271441761659 4.0 0.8 0.42 90.0 left 1 233.877337933 234.30131197 234.713472128 235.751785994
114 0.3 0.3 1 0.3 0.0271441761659 4.0 0.8 0.42 22.0 right 1 235.785000086 236.209027052 236.621246099 237.459361076
115 0.3 0.3 -1 0.3 0.0736806299728 4.0 0.0 0.42 22.0 left 1 237.492784977 237.916621923 238.328761101 239.072839022
116 0.3 0.3 1 0.3 0.04472135955 4.0 0.0 0.42 90.0 right 1 239.106060982 239.529880047 239.942058086 240.791949034
117 0.3 0.3 1 0.3 0.121392446201 4.0 0.0 0.42 90.0 right 1 240.825227976 241.249170065 241.661272049 242.534977913
118 0.3 0.3 1 0.3 0.0736806299728 4.0 0.0 0.42 90.0 right 1 242.56811595 242.991986036 243.404329062 244.324886084
119 0.3 0.3 -1 0.3 0.0736806299728 4.0 0.0 0.42 90.0 left 1 244.358006001 244.782025099 245.194191933 245.950010061
120 0.3 0.3 -1 0.3 0.121392446201 4.0 0.8 0.42 90.0 left 1 245.983165026 246.407138109 246.819199085 247.527789116
121 0.3 0.3 1 0.3 0.01 4.0 0.8 0.42 22.0 right 1 247.561180115 247.985213995 248.397243023 249.553360939
122 0.3 0.3 1 0.3 0.0164754897244 4.0 0.4 0.42 90.0 left 0 249.586657047 250.010637999 250.422749996 251.520053148
123 0.3 0.3 1 0.3 0.01 4.0 0.6 0.42 22.0 right 1 251.553223133 251.977116108 252.389297009 253.286381006
124 0.3 0.3 -1 0.3 0.0271441761659 4.0 0.6 0.42 90.0 left 1 253.319639921 253.74357295 254.155699968 255.194127083
125 0.3 0.3 1 0.3 0.0271441761659 4.0 0.6 0.42 90.0 left 0 255.227272034 255.651283979 256.063400984 257.537617922
126 0.3 0.3 1 0.3 0.121392446201 4.0 0.8 0.42 22.0 right 1 257.570754051 257.994732141 258.407074928 259.162667036
127 0.3 0.3 1 0.3 0.2 4.0 0.0 0.42 90.0 right 1 259.195837975 259.619884014 260.032014132 260.694370031
128 0.3 0.3 -1 0.3 0.0736806299728 4.0 0.4 0.42 22.0 left 1 260.726999044 261.150635004 261.562978029 262.377699137
129 0.3 0.3 -1 0.3 0.2 4.0 0.4 0.42 22.0 left 1 262.41079092 262.834692001 263.246779919 263.850497007
130 0.3 0.3 -1 0.3 0.2 4.0 0.2 0.42 22.0 left 1 263.882782936 264.306715012 264.718873024 265.322482109
131 0.3 0.3 1 0.3 0.04472135955 4.0 0.0 0.42 22.0 right 1 265.354772091 265.778661966 266.190891027 266.970021963
132 0.3 0.3 1 0.3 0.0736806299728 4.0 0.0 0.42 22.0 right 1 267.003412008 267.427474976 267.839570045 268.677696943
133 0.3 0.3 -1 0.3 0.0164754897244 4.0 0.2 0.42 22.0 left 1 268.710987091 269.134855986 269.54707408 270.443993092
134 0.3 0.3 1 0.3 0.01 4.0 0.0 0.42 90.0 left 0 270.477389097 270.901292086 271.31340313 272.622865915
135 0.3 0.3 -1 0.3 0.121392446201 4.0 0.4 0.42 22.0 left 1 272.656110048 273.07990098 273.492069006 274.259614944
136 0.3 0.3 1 0.3 0.0736806299728 4.0 0.2 0.42 90.0 right 1 274.292793036 274.716696024 275.128930092 275.919947147
137 0.3 0.3 1 0.3 0.0271441761659 4.0 0.0 0.42 90.0 right 1 275.953218937 276.377237082 276.789346933 278.286973
138 0.3 0.3 1 0.3 0.01 4.0 0.0 0.42 22.0 left 0 278.320310116 278.744260073 279.156353951 280.159337997
139 0.3 0.3 1 0.3 0.04472135955 4.0 0.6 0.42 22.0 right 1 280.192682981 280.616554976 281.028645039 282.031569004
140 0.3 0.3 -1 0.3 0.0271441761659 4.0 0.0 0.42 90.0 left 1 282.06495595 282.488871098 282.901045084 283.762870073
141 0.3 0.3 1 0.3 0.0164754897244 4.0 0.2 0.42 90.0 right 1 574.841534138 575.26542592 575.677573919 576.763077021
142 0.3 0.3 1 0.3 0.0271441761659 4.0 0.6 0.42 22.0 right 1 576.796185017 577.220245123 577.632345915 578.494204998
143 0.3 0.3 1 0.3 0.121392446201 4.0 0.6 0.42 90.0 right 1 578.52747798 578.951364994 579.363528013 580.072212934
144 0.3 0.3 1 0.3 0.04472135955 4.0 0.2 0.42 90.0 right 1 580.105328083 580.529266119 580.941476107 581.68544507
145 0.3 0.3 -1 0.3 0.0736806299728 4.0 0.4 0.42 90.0 left 1 581.718599081 582.142602921 582.554677963 583.310321093
146 0.3 0.3 1 0.3 0.04472135955 4.0 0.8 0.42 22.0 right 1 583.343698025 583.767604113 584.179754019 584.900314093
147 0.3 0.3 -1 0.3 0.0164754897244 4.0 0.2 0.42 22.0 left 1 584.933593988 585.357420921 585.769540071 586.855009079
148 0.3 0.3 -1 0.3 0.0164754897244 4.0 0.8 0.42 22.0 left 1 586.888299942 587.312346935 587.724391937 588.551007986
149 0.3 0.3 1 0.3 0.2 4.0 0.0 0.42 22.0 right 1 588.595925093 589.019932985 589.432044029 589.964786053
150 0.3 0.3 -1 0.3 0.121392446201 4.0 0.4 0.42 90.0 left 1 589.997324944 590.42126298 590.833297014 591.589162111
151 0.3 0.3 1 0.3 0.0271441761659 4.0 0.0 0.42 22.0 right 1 591.622345924 592.046303988 592.458461046 593.249634027
152 0.3 0.3 1 0.3 0.0164754897244 4.0 0.0 0.42 90.0 left 0 593.282879114 593.706619024 594.118823051 595.451604128
153 0.3 0.3 -1 0.3 0.01 4.0 0.0 0.42 22.0 left 1 595.484874964 595.908800125 596.320940018 597.112112045
154 0.3 0.3 1 0.3 0.01 4.0 0.0 0.42 90.0 left 0 597.145241022 597.569222927 597.981352091 599.891237974
155 0.3 0.3 -1 0.3 0.0736806299728 4.0 0.6 0.42 90.0 left 1 599.924423933 600.348361015 600.760545969 601.740056992
156 0.3 0.3 -1 0.3 0.0736806299728 4.0 0.4 0.42 22.0 left 1 601.77327013 602.197157145 602.609342098 603.341879129
157 0.3 0.3 -1 0.3 0.0736806299728 4.0 0.0 0.42 90.0 left 1 603.374831915 603.798922062 604.211005926 605.025727987
158 0.3 0.3 -1 0.3 0.0164754897244 4.0 0.6 0.42 90.0 right 0 605.058793068 605.482772112 605.894840956 607.310559034
159 0.3 0.3 1 0.3 0.121392446201 4.0 0.2 0.42 90.0 right 1 607.35513711 607.77905798 608.191144943 608.865378141
160 0.3 0.3 1 0.3 0.0164754897244 4.0 0.2 0.42 22.0 right 1 608.897938013 609.321699142 609.73396492 610.630847931
161 0.3 0.3 1 0.3 0.01 4.0 0.8 0.42 90.0 left 0 610.664158106 611.088110924 611.500221014 612.362071991
162 0.3 0.3 -1 0.3 0.2 4.0 0.4 0.42 22.0 left 1 612.395245075 612.81926012 613.231411934 613.811218023
163 0.3 0.3 1 0.3 0.04472135955 4.0 0.0 0.42 22.0 right 1 613.843675137 614.267590046 614.679775953 615.494596958
164 0.3 0.3 -1 0.3 0.2 4.0 0.0 0.42 90.0 left 1 615.527725935 615.951713085 616.363858938 616.990971088
165 0.3 0.3 -1 0.3 0.0271441761659 4.0 0.4 0.42 90.0 left 1 617.023236036 617.447124958 617.859328985 618.921329021
166 0.3 0.3 -1 0.3 0.01 4.0 0.4 0.42 22.0 left 1 618.9545331 619.378413916 619.790766954 620.734821081
167 0.3 0.3 -1 0.3 0.01 4.0 0.8 0.42 90.0 left 1 620.768074036 621.192096949 621.604210138 623.278339148
168 0.3 0.3 -1 0.3 0.2 4.0 0.8 0.42 22.0 left 1 623.311784983 623.73568511 624.147763968 624.833704948
169 0.3 0.3 1 0.3 0.0271441761659 4.0 0.2 0.42 90.0 right 1 624.866261959 625.290116072 625.702139139 627.329649925
170 0.3 0.3 1 0.3 0.0271441761659 4.0 0.8 0.42 90.0 left 0 627.362626076 627.786520958 628.198693037 629.060465097
171 0.3 0.3 -1 0.3 0.2 4.0 0.4 0.42 90.0 left 1 629.093713045 629.51761198 629.92979908 630.486513138
172 0.3 0.3 -1 0.3 0.0271441761659 4.0 0.0 0.42 22.0 left 1 630.51869607 630.942480087 631.354654074 632.334145069
173 0.3 0.3 1 0.3 0.04472135955 4.0 0.6 0.42 90.0 right 1 632.36760807 632.791409969 633.203577995 633.994655132
174 0.3 0.3 1 0.3 0.01 4.0 0.6 0.42 90.0 left 0 634.027945042 634.451854944 634.863945007 635.831856966
175 0.3 0.3 1 0.3 0.01 4.0 0.4 0.42 90.0 left 0 635.865029097 636.288953066 636.700968981 637.715990067
176 0.3 0.3 -1 0.3 0.121392446201 4.0 0.4 0.42 22.0 left 1 637.749078989 638.173077106 638.585217953 639.317654133
177 0.3 0.3 -1 0.3 0.04472135955 4.0 0.4 0.42 22.0 left 1 639.35078907 639.774652958 640.186818123 641.013427973
178 0.3 0.3 -1 0.3 0.0271441761659 4.0 0.8 0.42 22.0 left 1 641.058160067 641.482139111 641.894299984 642.697283983
179 0.3 0.3 -1 0.3 0.0736806299728 4.0 0.8 0.42 90.0 left 1 642.730379105 643.154339075 643.566502094 644.298717976
180 0.3 0.3 -1 0.3 0.04472135955 4.0 0.8 0.42 22.0 left 1 644.331988096 644.755810022 645.168023109 645.923841
181 0.3 0.3 -1 0.3 0.04472135955 4.0 0.4 0.42 90.0 left 1 645.957018137 646.380970001 646.793082952 647.702168941
182 0.3 0.3 -1 0.3 0.2 4.0 0.0 0.42 22.0 left 1 647.735199928 648.159215927 648.571360111 649.31617713
183 0.3 0.3 1 0.3 0.0164754897244 4.0 0.8 0.42 22.0 left 0 649.34857893 649.772476912 650.184634924 651.046329021
184 0.3 0.3 -1 0.3 0.0271441761659 4.0 0.6 0.42 90.0 left 1 651.079699039 651.503530025 651.915688992 652.765702963
185 0.3 0.3 -1 0.3 0.0164754897244 4.0 0.4 0.42 90.0 left 1 652.798892975 653.222823143 653.635066032 654.461529016
186 0.3 0.3 1 0.3 0.2 4.0 0.6 0.42 22.0 right 1 654.494643927 654.918698072 655.330888987 656.111136913
187 0.3 0.3 -1 0.3 0.01 4.0 0.2 0.42 90.0 left 1 656.143373013 656.567285061 656.979505062 657.841242075
188 0.3 0.3 1 0.3 0.2 4.0 0.0 0.42 90.0 right 1 657.874423981 658.298275948 658.710508108 659.337620974
189 0.3 0.3 1 0.3 0.2 4.0 0.6 0.42 90.0 right 1 659.369982004 659.793983936 660.206007957 660.750668049
190 0.3 0.3 -1 0.3 0.0736806299728 4.0 0.2 0.42 90.0 left 1 660.783069134 661.20699811 661.61916995 662.374978065
191 0.3 0.3 1 0.3 0.01 4.0 0.0 0.42 22.0 right 1 662.408138037 662.832139015 663.244308949 664.318114996
192 0.3 0.3 1 0.3 0.2 4.0 0.2 0.42 22.0 right 1 664.351336956 664.775232077 665.187470913 665.932249069
193 0.3 0.3 -1 0.3 0.01 4.0 0.6 0.42 22.0 right 0 665.964545012 666.388584137 666.800737143 667.733287096
194 0.3 0.3 -1 0.3 0.121392446201 4.0 0.0 0.42 90.0 left 1 667.778073072 668.201977968 668.614130974 669.253081083
195 0.3 0.3 -1 0.3 0.0736806299728 4.0 0.0 0.42 22.0 left 1 669.285448074 669.709442139 670.121473074 670.8892591
196 0.3 0.3 1 0.3 0.121392446201 4.0 0.8 0.42 90.0 right 1 670.922325134 671.346204996 671.758402109 672.455171108
197 0.3 0.3 -1 0.3 0.121392446201 4.0 0.2 0.42 22.0 left 1 672.488430977 672.912439108 673.324584961 673.951683044
198 0.3 0.3 1 0.3 0.121392446201 4.0 0.0 0.42 22.0 right 1 673.984147072 674.407979012 674.820244074 675.423691988
199 0.3 0.3 1 0.3 0.2 4.0 0.2 0.42 90.0 right 1 675.456089973 675.879987001 676.292181015 676.94304204
200 0.3 0.3 -1 0.3 0.2 4.0 0.2 0.42 22.0 left 1 676.975181103 677.399122 677.811260939 678.367742062
201 0.3 0.3 1 0.3 0.0736806299728 4.0 0.4 0.42 22.0 right 1 678.400007963 678.824039936 679.236153126 679.921452999
202 0.3 0.3 1 0.3 0.121392446201 4.0 0.4 0.42 22.0 right 1 679.954560995 680.378544092 680.790781021 681.54650712
203 0.3 0.3 1 0.3 0.04472135955 4.0 0.4 0.42 22.0 right 1 681.579584122 682.003545046 682.415734053 683.195142031
204 0.3 0.3 -1 0.3 0.04472135955 4.0 0.2 0.42 90.0 left 1 683.228236914 683.65221405 684.064382076 684.878970146
205 0.3 0.3 1 0.3 0.01 4.0 0.8 0.42 22.0 right 1 684.912351131 685.336349964 685.748464108 686.621773958
206 0.3 0.3 -1 0.3 0.0164754897244 4.0 0.6 0.42 22.0 left 1 686.655094147 687.079057932 687.491150141 688.294117928
207 0.3 0.3 -1 0.3 0.0271441761659 4.0 0.6 0.42 22.0 left 1 688.327301979 688.751199007 689.163384914 690.036975145
208 0.3 0.3 -1 0.3 0.121392446201 4.0 0.6 0.42 90.0 left 1 690.070276022 690.494178057 690.90634203 691.650377035
209 0.3 0.3 1 0.3 0.0164754897244 4.0 0.0 0.42 22.0 left 0 691.683609962 692.107389927 692.519608974 693.322351933
210 0.3 0.3 -1 0.3 0.01 4.0 0.4 0.42 90.0 left 1 693.355853081 693.77957201 694.191884041 695.524675131
211 0.3 0.3 1 0.3 0.01 4.0 0.6 0.42 22.0 right 1 695.557745934 695.981778145 696.393918991 697.373322964
212 0.3 0.3 1 0.3 0.2 4.0 0.8 0.42 22.0 right 1 697.406754017 697.830518961 698.242713928 698.975964069
213 0.3 0.3 -1 0.3 0.0271441761659 4.0 0.8 0.42 90.0 left 1 699.008090019 699.432137966 699.844217062 700.753121138
214 0.3 0.3 -1 0.3 0.04472135955 4.0 0.0 0.42 22.0 left 1 700.786447048 701.210349083 701.622396946 702.460566998
215 0.3 0.3 1 0.3 0.0736806299728 4.0 0.4 0.42 90.0 right 1 702.493893147 702.917788029 703.330044031 704.132967949
216 0.3 0.3 1 0.3 0.121392446201 4.0 0.0 0.42 90.0 right 1 704.166099072 704.590122938 705.002146006 705.722651005
217 0.3 0.3 1 0.3 0.121392446201 4.0 0.8 0.42 22.0 right 1 705.755810022 706.179831982 706.591999054 707.630414963
218 0.3 0.3 1 0.3 0.04472135955 4.0 0.6 0.42 22.0 right 1 707.663569927 708.087692022 708.499861002 709.278976917
219 0.3 0.3 1 0.3 0.0736806299728 4.0 0.0 0.42 22.0 right 1 709.31220293 709.736289978 710.148441076 710.821619987
220 0.3 0.3 -1 0.3 0.01 4.0 0.0 0.42 90.0 right 0 710.854860067 711.278805971 711.691015005 712.588042021
221 0.3 0.3 1 0.3 0.0164754897244 4.0 0.6 0.42 90.0 right 1 712.621392965 713.045269012 713.457554102 714.578186035
222 0.3 0.3 1 0.3 0.0736806299728 4.0 0.0 0.42 90.0 right 1 714.61145401 715.035387993 715.447538137 716.15636301
223 0.3 0.3 1 0.3 0.0736806299728 4.0 0.2 0.42 90.0 right 1 716.189521074 716.613368988 717.025529146 717.757774115
224 0.3 0.3 -1 0.3 0.121392446201 4.0 0.6 0.42 22.0 left 1 717.791064024 718.215022087 718.627049923 719.430078983
225 0.3 0.3 -1 0.3 0.2 4.0 0.8 0.42 90.0 left 1 719.463248014 719.887154102 720.29937911 721.079787016
226 0.3 0.3 1 0.3 0.0164754897244 4.0 0.6 0.42 22.0 right 1 721.111907005 721.535761118 721.947983027 723.433815002
227 0.3 0.3 1 0.3 0.0736806299728 4.0 0.2 0.42 22.0 right 1 723.467111111 723.891017914 724.303148985 725.200257063
228 0.3 0.3 1 0.3 0.01 4.0 0.4 0.42 22.0 right 1 725.233511925 725.657457113 726.06959796 726.978411913
229 0.3 0.3 -1 0.3 0.0736806299728 4.0 0.2 0.42 22.0 left 1 727.01169014 727.435652971 727.847839117 728.650470972
230 0.3 0.3 1 0.3 0.121392446201 4.0 0.4 0.42 90.0 right 1 728.683855057 729.107872009 729.519958973 730.159274101
231 0.3 0.3 1 0.3 0.0164754897244 4.0 0.8 0.42 90.0 left 0 730.191105127 730.615128994 731.027317047 731.947839975
232 0.3 0.3 -1 0.3 0.0736806299728 4.0 0.8 0.42 22.0 left 1 731.981182098 732.405251026 732.817312956 733.573110104
233 0.3 0.3 1 0.3 0.0271441761659 4.0 0.6 0.42 90.0 right 1 733.606281042 734.030275106 734.442487955 736.328598976
234 0.3 0.3 -1 0.3 0.01 4.0 0.8 0.42 22.0 left 1 736.361837149 736.78572011 737.198024988 739.884923935
235 0.3 0.3 -1 0.3 0.121392446201 4.0 0.8 0.42 90.0 left 1 739.91815114 740.342123985 740.754379034 741.47510004
236 0.3 0.3 1 0.3 0.0271441761659 4.0 0.8 0.42 22.0 right 1 741.519747019 741.943651915 742.355840921 743.182440042
237 0.3 0.3 -1 0.3 0.0164754897244 4.0 0.0 0.42 90.0 right 0 743.215484142 743.639572144 744.051716089 744.972123146
238 0.3 0.3 -1 0.3 0.0736806299728 4.0 0.6 0.42 22.0 left 1 745.005522013 745.429397106 745.841516018 746.597116947
239 0.3 0.3 -1 0.3 0.2 4.0 0.2 0.42 90.0 left 1 746.630561113 747.054543018 747.466711998 748.258826971
240 0.3 0.3 -1 0.3 0.0271441761659 4.0 0.4 0.42 22.0 left 1 748.302761078 748.726678133 749.138875008 749.988838911
241 0.3 0.3 1 0.3 0.2 4.0 0.4 0.42 22.0 right 1 750.022185087 750.446136951 750.858330011 751.461802959
242 0.3 0.3 -1 0.3 0.04472135955 4.0 0.6 0.42 90.0 left 1 751.494168997 751.918081045 752.330245972 753.121407032
243 0.3 0.3 1 0.3 0.0164754897244 4.0 0.4 0.42 90.0 right 1 753.154587984 753.578529119 753.990670919 755.712352991
244 0.3 0.3 -1 0.3 0.0164754897244 4.0 0.0 0.42 22.0 left 1 755.745363951 756.16923213 756.581464052 757.443202972
245 0.3 0.3 -1 0.3 0.0271441761659 4.0 0.0 0.42 90.0 left 1 757.476387024 757.900295019 758.312477112 759.292024136
246 0.3 0.3 -1 0.3 0.0164754897244 4.0 0.2 0.42 90.0 left 1 759.325215101 759.749140978 760.161307096 761.329298019
247 0.3 0.3 -1 0.3 0.121392446201 4.0 0.0 0.42 22.0 left 1 761.362445116 761.786361933 762.198679924 763.06012392
248 0.3 0.3 -1 0.3 0.0164754897244 4.0 0.8 0.42 90.0 left 1 763.093492985 763.517396927 763.929762125 764.897413015
249 0.3 0.3 -1 0.3 0.0271441761659 4.0 0.2 0.42 90.0 left 1 764.930604935 765.354501963 765.766654968 766.58120513
250 0.3 0.3 1 0.3 0.01 4.0 0.2 0.42 90.0 left 0 766.614609003 767.038537025 767.450644016 768.253690958
251 0.3 0.3 -1 0.3 0.01 4.0 0.2 0.42 22.0 left 1 768.286906958 768.710668087 769.122931957 770.420197964
252 0.3 0.3 1 0.3 0.01 4.0 0.2 0.42 22.0 left 0 770.453511953 770.877463102 771.289643049 772.516363144
253 0.3 0.3 1 0.3 0.121392446201 4.0 0.2 0.42 22.0 right 1 772.549689054 772.973581076 773.385751009 774.18868494
254 0.3 0.3 1 0.3 0.0736806299728 4.0 0.6 0.42 90.0 right 1 774.221892118 774.645780087 775.057924032 776.967827082
255 0.3 0.3 1 0.3 0.04472135955 4.0 0.2 0.42 22.0 right 1 777.000967026 777.424937963 777.837156057 778.698956966
256 0.3 0.3 1 0.3 0.04472135955 4.0 0.8 0.42 90.0 right 1 778.732119083 779.155995131 779.568335056 780.347367048
257 0.3 0.3 1 0.3 0.2 4.0 0.4 0.42 90.0 right 1 780.380780935 780.80479002 781.216886044 781.938357115
258 0.3 0.3 -1 0.3 0.01 4.0 0.6 0.42 90.0 right 0 781.970499992 782.394516945 782.806611061 784.06882596
259 0.3 0.3 1 0.3 0.0164754897244 4.0 0.4 0.42 22.0 right 1 784.102018118 784.526049137 784.938031912 785.741410971
260 0.3 0.3 -1 0.3 0.04472135955 4.0 0.8 0.42 90.0 left 1 785.774171114 786.198189974 786.610257149 787.424931049
261 0.3 0.3 1 0.3 0.121392446201 4.0 0.6 0.42 22.0 right 1 787.458274126 787.882264137 788.29441905 788.897714138
262 0.3 0.3 1 0.3 0.04472135955 4.0 0.4 0.42 90.0 right 1 788.930171967 789.354150057 789.76623106 790.580949068
263 0.3 0.3 -1 0.3 0.121392446201 4.0 0.2 0.42 90.0 left 1 790.614165068 791.038056135 791.450284004 792.065848112
264 0.3 0.3 -1 0.3 0.04472135955 4.0 0.6 0.42 22.0 left 1 792.109740019 792.533694029 792.945851088 793.772316933
265 0.3 0.3 1 0.3 0.0736806299728 4.0 0.8 0.42 90.0 right 1 793.805552006 794.229481936 794.641564131 795.361908913
266 0.3 0.3 1 0.3 0.0271441761659 4.0 0.2 0.42 22.0 right 1 795.395245075 795.819196939 796.231464148 797.034188986
267 0.3 0.3 1 0.3 0.04472135955 4.0 0.0 0.42 90.0 right 1 797.067489147 797.491364956 797.903556108 798.718240976
268 0.3 0.3 -1 0.3 0.2 4.0 0.6 0.42 22.0 left 1 798.751383066 799.175522089 799.587502003 800.190896988
269 0.3 0.3 1 0.3 0.2 4.0 0.8 0.42 90.0 right 1 800.223389149 800.647337914 801.059540033 801.474786997
270 0.3 0.3 1 0.3 0.0271441761659 4.0 0.0 0.42 90.0 left 0 801.506962061 801.930939913 802.343050957 803.075626135
271 0.3 0.3 -1 0.3 0.121392446201 4.0 0.8 0.42 22.0 left 1 803.108530998 803.532485962 803.944666147 804.641613007
272 0.3 0.3 -1 0.3 0.2 4.0 0.6 0.42 90.0 left 1 804.674911022 805.098809004 805.511038065 806.137951136
273 0.3 0.3 -1 0.3 0.0164754897244 4.0 0.4 0.42 22.0 left 1 806.170301914 806.594284058 807.006434917 808.103832006
274 0.3 0.3 -1 0.3 0.04472135955 4.0 0.0 0.42 90.0 left 1 808.136915922 808.560894966 808.973176003 809.846624136
275 0.3 0.3 1 0.3 0.0271441761659 4.0 0.4 0.42 90.0 right 1 809.879827976 810.30373311 810.715891123 813.650592089
276 0.3 0.3 1 0.3 0.0736806299728 4.0 0.8 0.42 22.0 right 1 813.683414936 814.107425928 814.519516945 815.251569986
277 0.3 0.3 -1 0.3 0.0271441761659 4.0 0.2 0.42 22.0 left 1 815.285037994 815.70898509 816.121057034 817.077137947
278 0.3 0.3 -1 0.3 0.04472135955 4.0 0.2 0.42 22.0 left 1 817.110309124 817.534224033 817.946362019 818.819944143
279 0.3 0.3 1 0.3 0.0271441761659 4.0 0.4 0.42 22.0 right 1 818.853153944 819.277039051 819.689178944 820.51571393
280 0.3 0.3 1 0.3 0.0736806299728 4.0 0.6 0.42 22.0 right 1 820.549040079 820.97282505 821.385062933 822.117209911
