Experiment   Time   Size   InitialPhase   Duration   Contrast   Direction   Frequency   Speed   FixationTime   Answer   Correct   
1   1.8   1   216   0.01648   0.42   -1   1   4   0.3   left   1   
2   0.766667   1   72   0.01648   0.42   -1   1   4   0.3   right   0   
3   0.85   4   144   0.12139   0.42   1   1   4   0.3   left   0   
4   0.85   1   0   0.01648   0.42   1   1   4   0.3   right   1   
5   0.833333   1   0   0.12139   0.42   1   1   4   0.3   right   1   
6   0.833333   4   0   0.04472   0.42   -1   1   4   0.3   right   0   
7   0.733333   1   216   0.04472   0.42   -1   1   4   0.3   left   1   
8   0.833333   1   0   0.04472   0.42   1   1   4   0.3   right   1   
9   0.833333   1   288   0.01   0.42   1   1   4   0.308333   left   0   
10   0.8   4   288   0.027144   0.42   -1   1   4   0.3   right   0   
11   0.716667   1   216   0.2   0.42   -1   1   4   0.3   left   1   
12   0.783333   1   288   0.01648   0.42   1   1   4   0.3   right   1   
13   1.08333   4   0   0.01   0.42   1   1   4   0.308333   right   1   
14   0.783333   1   0   0.04472   0.42   -1   1   4   0.3   left   1   
15   0.916666   4   144   0.07368   0.42   -1   1   4   0.3   left   1   
16   0.866666   1   72   0.07368   0.42   -1   1   4   0.3   left   1   
17   1.25   4   72   0.01648   0.42   -1   1   4   0.3   left   1   
18   0.866666   4   72   0.04472   0.42   1   1   4   0.3   right   1   
19   0.95   4   216   0.01   0.42   -1   1   4   0.308333   right   0   
20   1.03333   4   216   0.04472   0.42   -1   1   4   0.3   right   0   
21   1.61667   1   288   0.027144   0.42   -1   1   4   0.3   left   1   
22   0.866666   1   144   0.04472   0.42   1   1   4   0.3   left   0   
23   0.816667   1   72   0.2   0.42   1   1   4   0.3   right   1   
24   0.933333   4   144   0.2   0.42   1   1   4   0.3   right   1   
25   0.9   1   144   0.12139   0.42   1   1   4   0.3   right   1   
26   0.833333   4   216   0.04472   0.42   1   1   4   0.3   left   0   
27   0.833333   1   72   0.04472   0.42   -1   1   4   0.3   left   1   
28   0.933333   4   288   0.01648   0.42   -1   1   4   0.3   right   0   
29   1.5   4   72   0.12139   0.42   1   1   4   0.3   left   0   
30   0.833333   1   72   0.027144   0.42   1   1   4   0.3   left   0   
31   1.08333   4   144   0.027144   0.42   -1   1   4   0.3   right   0   
32   1.11667   4   288   0.2   0.42   1   1   4   0.3   left   0   
33   0.983333   1   216   0.01   0.42   1   1   4   0.308333   left   0   
34   0.833333   1   288   0.07368   0.42   -1   1   4   0.3   left   1   
35   0.85   1   0   0.12139   0.42   -1   1   4   0.3   left   1   
36   0.866666   4   0   0.01648   0.42   1   1   4   0.3   right   1   
37   0.9   4   72   0.04472   0.42   -1   1   4   0.3   left   1   
38   1.3   4   0   0.12139   0.42   1   1   4   0.3   right   1   
39   1.46667   1   144   0.07368   0.42   -1   1   4   0.3   right   0   
40   3.31666   4   144   0.04472   0.42   -1   1   4   0.3   right   0   
41   1.03333   1   288   0.04472   0.42   1   1   4   0.3   right   1   
42   1.15   4   288   0.12139   0.42   1   1   4   0.3   right   1   
43   2.35   1   216   0.2   0.42   1   1   4   0.3   right   1   
44   0.8   1   216   0.07368   0.42   -1   1   4   0.3   left   1   
45   0.8   1   144   0.027144   0.42   1   1   4   0.3   left   0   
46   1.06667   4   216   0.2   0.42   1   1   4   0.3   left   0   
47   0.85   1   144   0.04472   0.42   -1   1   4   0.3   left   1   
48   0.816667   1   72   0.027144   0.42   -1   1   4   0.3   left   1   
49   0.883333   4   288   0.04472   0.42   1   1   4   0.3   left   0   
50   0.816667   1   288   0.12139   0.42   -1   1   4   0.3   left   1   
51   0.816667   4   72   0.2   0.42   -1   1   4   0.3   left   1   
52   0.7   1   0   0.2   0.42   1   1   4   0.3   right   1   
53   0.816667   1   216   0.04472   0.42   1   1   4   0.3   right   1   
54   0.75   1   72   0.2   0.42   -1   1   4   0.3   left   1   
55   0.9   1   0   0.027144   0.42   1   1   4   0.3   right   1   
56   0.85   4   0   0.2   0.42   1   1   4   0.3   left   0   
57   1.58333   1   216   0.01   0.42   -1   1   4   0.308333   left   1   
58   0.816667   1   72   0.12139   0.42   -1   1   4   0.3   left   1   
59   0.866666   1   216   0.027144   0.42   1   1   4   0.3   left   0   
60   0.716667   4   0   0.2   0.42   -1   1   4   0.3   left   1   
61   0.833333   4   144   0.01   0.42   1   1   4   0.308333   left   0   
62   0.916666   4   216   0.027144   0.42   -1   1   4   0.3   right   0   
63   0.883333   1   144   0.01648   0.42   1   1   4   0.3   right   1   
64   0.916666   4   216   0.027144   0.42   1   1   4   0.3   left   0   
65   0.9   1   144   0.01648   0.42   -1   1   4   0.3   left   1   
66   0.766667   1   72   0.04472   0.42   1   1   4   0.3   right   1   
67   1.0   4   0   0.027144   0.42   1   1   4   0.3   right   1   
68   0.933333   4   216   0.01648   0.42   -1   1   4   0.3   left   1   
69   0.75   1   288   0.2   0.42   -1   1   4   0.3   left   1   
70   0.966666   4   0   0.04472   0.42   1   1   4   0.3   left   0   
71   0.783333   1   288   0.12139   0.42   1   1   4   0.3   right   1   
72   0.866666   4   144   0.01648   0.42   -1   1   4   0.3   right   0   
73   0.866666   4   144   0.01   0.42   -1   1   4   0.308333   right   0   
74   0.966666   4   288   0.01   0.42   -1   1   4   0.308333   right   0   
75   0.95   4   72   0.027144   0.42   1   1   4   0.3   right   1   
76   0.85   1   288   0.2   0.42   1   1   4   0.3   right   1   
77   0.833333   4   144   0.07368   0.42   1   1   4   0.3   left   0   
78   0.8   1   0   0.07368   0.42   -1   1   4   0.3   left   1   
79   0.766667   1   72   0.12139   0.42   1   1   4   0.3   right   1   
80   0.883333   4   0   0.01   0.42   -1   1   4   0.308333   right   0   
81   0.766667   4   216   0.07368   0.42   1   1   4   0.3   left   0   
82   0.683333   4   144   0.12139   0.42   -1   1   4   0.3   right   0   
83   0.983333   4   0   0.027144   0.42   -1   1   4   0.3   right   0   
84   0.716667   4   288   0.04472   0.42   -1   1   4   0.3   left   1   
85   0.9   1   288   0.027144   0.42   1   1   4   0.3   left   0   
86   0.65   1   288   0.07368   0.42   1   1   4   0.3   right   1   
87   0.75   4   216   0.12139   0.42   1   1   4   0.3   left   0   
88   0.65   1   144   0.07368   0.42   1   1   4   0.3   right   1   
89   0.933333   1   72   0.01648   0.42   1   1   4   0.3   right   1   
90   0.7   1   0   0.027144   0.42   -1   1   4   0.3   left   1   
91   0.766667   4   0   0.01648   0.42   -1   1   4   0.3   left   1   
92   1.01667   1   288   0.01   0.42   -1   1   4   0.308333   right   0   
93   0.85   4   288   0.01   0.42   1   1   4   0.308333   right   1   
94   0.866666   4   288   0.12139   0.42   -1   1   4   0.3   left   1   
95   0.9   4   144   0.2   0.42   -1   1   4   0.3   left   1   
96   0.866666   1   144   0.12139   0.42   -1   1   4   0.3   left   1   
97   0.933333   4   72   0.01648   0.42   1   1   4   0.3   left   0   
98   0.716667   1   216   0.027144   0.42   -1   1   4   0.3   right   0   
99   0.9   1   144   0.027144   0.42   -1   1   4   0.3   right   0   
100   1.08333   4   72   0.07368   0.42   -1   1   4   0.3   left   1   
101   0.75   1   144   0.2   0.42   -1   1   4   0.3   left   1   
102   0.983333   1   216   0.01648   0.42   1   1   4   0.3   left   0   
103   0.916666   4   144   0.01648   0.42   1   1   4   0.3   left   0   
104   0.8   4   288   0.07368   0.42   1   1   4   0.3   left   0   
105   0.95   1   0   0.01   0.42   -1   1   4   0.308333   left   1   
106   0.75   4   0   0.07368   0.42   1   1   4   0.3   left   0   
107   0.783333   4   72   0.01   0.42   -1   1   4   0.308333   right   0   
108   1.11667   4   72   0.027144   0.42   -1   1   4   0.3   left   1   
109   0.816667   4   288   0.01648   0.42   1   1   4   0.3   left   0   
110   0.866666   4   216   0.2   0.42   -1   1   4   0.3   left   1   
111   0.816667   1   216   0.12139   0.42   1   1   4   0.3   right   1   
112   0.916666   1   0   0.01   0.42   1   1   4   0.308333   right   1   
113   0.816667   1   144   0.2   0.42   1   1   4   0.3   right   1   
114   0.95   1   0   0.01648   0.42   -1   1   4   0.3   right   0   
115   0.983333   1   0   0.07368   0.42   1   1   4   0.3   right   1   
116   0.883333   4   72   0.2   0.42   1   1   4   0.3   right   1   
117   0.816667   4   0   0.07368   0.42   -1   1   4   0.3   right   0   
118   1.7   4   288   0.027144   0.42   1   1   4   0.3   left   0   
119   0.8   4   216   0.07368   0.42   -1   1   4   0.3   left   1   
120   0.7   1   216   0.12139   0.42   -1   1   4   0.3   left   1   
121   0.8   1   72   0.07368   0.42   1   1   4   0.3   right   1   
122   0.833333   4   144   0.04472   0.42   1   1   4   0.3   left   0   
123   0.8   4   0   0.12139   0.42   -1   1   4   0.3   left   1   
124   0.883333   1   144   0.01   0.42   1   1   4   0.308333   left   0   
125   0.866666   4   216   0.01648   0.42   1   1   4   0.3   left   0   
126   0.883333   1   0   0.2   0.42   -1   1   4   0.3   left   1   
127   0.816667   4   72   0.01   0.42   1   1   4   0.308333   right   1   
128   0.933333   1   72   0.01   0.42   -1   1   4   0.308333   left   1   
129   0.716667   1   72   0.01   0.42   1   1   4   0.308333   left   0   
130   0.8   1   288   0.01648   0.42   -1   1   4   0.3   left   1   
131   0.7   1   288   0.04472   0.42   -1   1   4   0.3   left   1   
132   0.816667   1   216   0.07368   0.42   1   1   4   0.3   right   1   
133   0.833333   1   144   0.01   0.42   -1   1   4   0.308333   left   1   
134   0.816667   4   72   0.07368   0.42   1   1   4   0.3   left   0   
135   1.0   4   216   0.01   0.42   1   1   4   0.308333   left   0   
136   0.816667   4   216   0.12139   0.42   -1   1   4   0.3   left   1   
137   0.783333   4   288   0.07368   0.42   -1   1   4   0.3   left   1   
138   0.8   4   144   0.027144   0.42   1   1   4   0.3   right   1   
139   0.85   4   288   0.2   0.42   -1   1   4   0.3   left   1   
140   0.733333   4   72   0.12139   0.42   -1   1   4   0.3   left   1   
141   1.08333   1   0   0.027144   0.42   1   1   4   0.3   right   1   
142   0.733333   1   72   0.2   0.42   -1   1   4   0.3   left   1   
143   0.666667   1   216   0.2   0.42   1   1   4   0.3   right   1   
144   0.8   4   72   0.07368   0.42   -1   1   4   0.3   left   1   
145   0.783333   1   72   0.04472   0.42   1   1   4   0.3   right   1   
146   0.9   4   0   0.01   0.42   1   1   4   0.308333   left   0   
147   0.733333   4   72   0.027144   0.42   1   1   4   0.3   left   0   
148   0.916666   4   72   0.01   0.42   -1   1   4   0.308333   right   0   
149   0.833333   1   72   0.01648   0.42   -1   1   4   0.3   left   1   
150   0.716667   1   0   0.01648   0.42   1   1   4   0.3   left   0   
151   0.85   4   144   0.12139   0.42   -1   1   4   0.3   left   1   
152   0.65   4   216   0.2   0.42   1   1   4   0.3   right   1   
153   0.8   1   288   0.04472   0.42   1   1   4   0.3   right   1   
154   0.65   1   72   0.12139   0.42   -1   1   4   0.3   left   1   
155   0.75   4   0   0.12139   0.42   1   1   4   0.3   right   1   
156   0.7   4   144   0.01648   0.42   -1   1   4   0.3   left   1   
157   0.716667   4   72   0.01648   0.42   1   1   4   0.3   left   0   
158   0.733333   4   72   0.2   0.42   1   1   4   0.3   right   1   
159   0.85   1   0   0.01   0.42   1   1   4   0.308333   right   1   
160   1.08333   4   144   0.027144   0.42   -1   1   4   0.3   right   0   
161   0.75   1   288   0.07368   0.42   -1   1   4   0.3   left   1   
162   1.1   4   216   0.07368   0.42   1   1   4   0.3   right   1   
163   0.883333   1   0   0.027144   0.42   -1   1   4   0.3   left   1   
164   1.03333   4   72   0.07368   0.42   1   1   4   0.3   right   1   
165   1.01667   4   144   0.2   0.42   1   1   4   0.3   right   1   
166   0.783333   4   0   0.2   0.42   -1   1   4   0.3   left   1   
167   0.9   1   144   0.01648   0.42   -1   1   4   0.3   left   1   
168   1.13333   4   144   0.04472   0.42   -1   1   4   0.3   right   0   
169   0.766667   1   216   0.027144   0.42   -1   1   4   0.3   left   1   
170   0.833333   1   288   0.027144   0.42   -1   1   4   0.3   left   1   
171   1.0   4   72   0.04472   0.42   1   1   4   0.3   left   0   
172   0.883333   4   72   0.04472   0.42   -1   1   4   0.3   right   0   
173   0.716667   1   72   0.2   0.42   1   1   4   0.3   right   1   
174   0.733333   4   216   0.12139   0.42   -1   1   4   0.3   left   1   
175   0.8   4   0   0.01648   0.42   1   1   4   0.3   right   1   
176   0.65   4   288   0.2   0.42   -1   1   4   0.3   left   1   
177   0.75   4   216   0.01   0.42   -1   1   4   0.308333   right   0   
178   0.716667   1   72   0.07368   0.42   -1   1   4   0.3   left   1   
179   0.716667   4   288   0.027144   0.42   -1   1   4   0.3   right   0   
180   0.766667   1   0   0.01   0.42   -1   1   4   0.308333   left   1   
181   0.65   1   0   0.12139   0.42   1   1   4   0.3   right   1   
182   0.766667   4   0   0.01   0.42   -1   1   4   0.308333   right   0   
183   0.75   1   288   0.027144   0.42   1   1   4   0.3   right   1   
184   0.733333   1   144   0.027144   0.42   1   1   4   0.3   right   1   
185   0.8   4   216   0.01   0.42   1   1   4   0.308333   right   1   
186   0.7   1   0   0.04472   0.42   1   1   4   0.3   right   1   
187   0.8   4   288   0.12139   0.42   1   1   4   0.3   right   1   
188   0.783333   4   72   0.12139   0.42   1   1   4   0.3   right   1   
189   1.53333   4   288   0.07368   0.42   -1   1   4   0.3   left   1   
190   1.33333   4   288   0.04472   0.42   -1   1   4   0.3   left   1   
191   0.916666   4   72   0.01   0.42   1   1   4   0.308333   left   0   
192   0.85   1   0   0.12139   0.42   -1   1   4   0.3   left   1   
193   0.816667   1   72   0.027144   0.42   -1   1   4   0.3   left   1   
194   0.766667   4   216   0.2   0.42   -1   1   4   0.3   left   1   
195   0.75   4   144   0.04472   0.42   1   1   4   0.3   left   0   
196   0.7   4   144   0.07368   0.42   -1   1   4   0.3   left   1   
197   0.8   1   72   0.04472   0.42   -1   1   4   0.3   left   1   
198   0.75   1   72   0.07368   0.42   1   1   4   0.3   right   1   
199   0.9   4   0   0.027144   0.42   1   1   4   0.3   left   0   
200   0.716667   4   288   0.01   0.42   -1   1   4   0.308333   right   0   
201   0.933333   4   144   0.01   0.42   -1   1   4   0.308333   right   0   
202   0.9   1   216   0.027144   0.42   1   1   4   0.3   left   0   
203   0.816667   1   72   0.027144   0.42   1   1   4   0.3   right   1   
204   0.783333   1   288   0.12139   0.42   -1   1   4   0.3   left   1   
205   0.85   4   0   0.12139   0.42   -1   1   4   0.3   left   1   
206   0.883333   4   0   0.07368   0.42   -1   1   4   0.3   left   1   
207   0.716667   1   144   0.027144   0.42   -1   1   4   0.3   left   1   
208   0.716667   1   0   0.07368   0.42   -1   1   4   0.3   left   1   
209   0.9   4   216   0.027144   0.42   -1   1   4   0.3   right   0   
210   0.75   4   216   0.12139   0.42   1   1   4   0.3   right   1   
211   0.783333   4   72   0.01648   0.42   -1   1   4   0.3   right   0   
212   0.75   4   144   0.07368   0.42   1   1   4   0.3   left   0   
213   0.766667   1   144   0.07368   0.42   -1   1   4   0.3   left   1   
214   0.916666   4   72   0.12139   0.42   -1   1   4   0.3   left   1   
215   0.75   1   216   0.04472   0.42   -1   1   4   0.3   left   1   
216   0.65   1   216   0.12139   0.42   -1   1   4   0.3   left   1   
217   0.966666   1   144   0.01   0.42   -1   1   4   0.308333   right   0   
218   0.683333   1   144   0.12139   0.42   -1   1   4   0.3   left   1   
219   0.716667   4   72   0.027144   0.42   -1   1   4   0.3   right   0   
220   0.883333   1   216   0.01   0.42   -1   1   4   0.308333   right   0   
221   0.65   4   216   0.027144   0.42   1   1   4   0.3   left   0   
222   0.85   1   216   0.01648   0.42   1   1   4   0.3   left   0   
223   0.816667   4   72   0.2   0.42   -1   1   4   0.3   left   1   
224   0.783333   4   216   0.04472   0.42   1   1   4   0.3   right   1   
225   0.716667   4   288   0.04472   0.42   1   1   4   0.3   left   0   
226   0.733333   1   288   0.01648   0.42   1   1   4   0.3   left   0   
227   0.7   4   288   0.01648   0.42   1   1   4   0.3   left   0   
228   0.883333   4   0   0.07368   0.42   1   1   4   0.3   left   0   
229   0.8   4   288   0.12139   0.42   -1   1   4   0.3   left   1   
230   0.7   1   288   0.12139   0.42   1   1   4   0.3   right   1   
231   0.65   4   288   0.027144   0.42   1   1   4   0.3   left   0   
232   0.716667   4   0   0.01648   0.42   -1   1   4   0.3   left   1   
233   0.666667   1   144   0.07368   0.42   1   1   4   0.3   right   1   
234   0.683333   1   72   0.12139   0.42   1   1   4   0.3   right   1   
235   0.683333   1   216   0.12139   0.42   1   1   4   0.3   right   1   
236   1.35   4   0   0.2   0.42   1   1   4   0.3   right   1   
237   0.8   1   144   0.12139   0.42   1   1   4   0.3   right   1   
238   0.783333   1   0   0.04472   0.42   -1   1   4   0.3   left   1   
239   0.666667   4   144   0.2   0.42   -1   1   4   0.3   left   1   
240   0.766667   1   288   0.01   0.42   1   1   4   0.308333   left   0   
241   0.816667   4   0   0.04472   0.42   -1   1   4   0.3   left   1   
242   0.766667   4   216   0.01648   0.42   1   1   4   0.3   left   0   
243   0.766667   1   72   0.01648   0.42   1   1   4   0.3   right   1   
244   0.85   4   144   0.01   0.42   1   1   4   0.308333   left   0   
245   0.866666   4   0   0.027144   0.42   -1   1   4   0.3   left   1   
246   0.766667   1   216   0.01648   0.42   -1   1   4   0.3   left   1   
247   0.866666   1   144   0.2   0.42   -1   1   4   0.3   left   1   
248   0.733333   1   216   0.07368   0.42   1   1   4   0.3   right   1   
249   1.06667   4   144   0.027144   0.42   1   1   4   0.3   left   0   
250   0.75   1   216   0.04472   0.42   1   1   4   0.3   left   0   
251   0.683333   4   288   0.07368   0.42   1   1   4   0.3   left   0   
252   0.75   4   0   0.04472   0.42   1   1   4   0.3   left   0   
253   0.583333   1   0   0.2   0.42   1   1   4   0.3   right   1   
254   0.833333   1   288   0.01   0.42   -1   1   4   0.308333   right   0   
255   0.65   4   144   0.01648   0.42   1   1   4   0.3   left   0   
256   1.5   1   216   0.01   0.42   1   1   4   0.308333   right   1   
257   0.95   4   144   0.12139   0.42   1   1   4   0.3   left   0   
258   0.833333   4   288   0.2   0.42   1   1   4   0.3   right   1   
259   0.75   1   288   0.04472   0.42   -1   1   4   0.3   left   1   
260   1.28333   4   216   0.04472   0.42   -1   1   4   0.3   left   1   
261   0.766667   1   144   0.04472   0.42   -1   1   4   0.3   left   1   
262   0.983333   4   216   0.07368   0.42   -1   1   4   0.3   left   1   
263   0.883333   4   288   0.01648   0.42   -1   1   4   0.3   left   1   
264   0.716667   1   288   0.07368   0.42   1   1   4   0.3   right   1   
265   0.716667   1   0   0.07368   0.42   1   1   4   0.3   right   1   
266   0.783333   1   144   0.04472   0.42   1   1   4   0.3   right   1   
267   1.08333   4   216   0.01648   0.42   -1   1   4   0.3   left   1   
268   0.883333   1   72   0.01   0.42   1   1   4   0.308333   left   0   
269   0.85   4   288   0.01   0.42   1   1   4   0.308333   left   0   
270   1.08333   1   216   0.07368   0.42   -1   1   4   0.3   left   1   
271   0.716667   1   216   0.2   0.42   -1   1   4   0.3   left   1   
272   1.43333   1   72   0.01   0.42   -1   1   4   0.308333   right   0   
273   0.816667   1   144   0.01648   0.42   1   1   4   0.3   right   1   
274   0.716667   1   288   0.2   0.42   1   1   4   0.3   right   1   
275   0.833333   1   144   0.01   0.42   1   1   4   0.308333   right   1   
276   1.11667   1   0   0.01648   0.42   -1   1   4   0.3   right   0   
277   0.75   1   144   0.2   0.42   1   1   4   0.3   right   1   
278   0.65   1   288   0.2   0.42   -1   1   4   0.3   left   1   
279   0.633333   1   0   0.2   0.42   -1   1   4   0.3   left   1   
280   1.0   1   288   0.01648   0.42   -1   1   4   0.3   right   0   
